11.159,100,29.569,100,100,100,100,100,45.368,100,100,2.4061,100,46.517,28.588,100,100,100,100,16.918,100,20.275,100,100,100,100,7.4483,39.034,100,22.453,22.334,36.913,17.172,29.855,47.398,11.238,100,1.8839,16.159,100,100,25.692,31.699,100,41.134,100,100,100,100,100,51.536,100,100,100,100,100,100,100,100,100,10.619,60.061,100,100,100,60.1,32.933,30.556,100,11.608,100,23.319,100,17.957,91.831,100,100,71.284,46.621,100,18.164,24.171,100,26.136,10.469,100,16.67,20.282,100,93.05,100,8.5628,100,100,78.475,100,100,100,35.885,100
11.159,100,29.569,100,100,100,100,100,45.368,100,100,2.4061,100,46.517,28.588,100,100,100,100,16.918,100,20.275,100,100,100,100,7.4483,39.034,100,22.453,22.334,36.913,17.172,29.855,47.398,11.238,100,1.8839,16.159,100,100,25.692,31.699,100,41.134,100,100,100,100,100,51.536,100,100,100,100,100,100,100,100,100,10.619,60.061,100,100,100,60.1,32.933,30.556,100,11.608,100,23.319,100,17.957,91.831,100,100,71.284,46.621,100,18.164,24.171,100,26.136,10.469,100,16.67,20.282,100,93.05,100,8.5628,100,100,78.475,100,100,100,35.885,100
11.159,100,29.569,100,100,100,100,100,45.368,100,100,2.4061,100,46.517,28.588,100,100,100,100,16.918,100,20.275,100,100,100,100,7.4483,39.034,100,22.453,22.334,36.913,1,29.855,47.398,11.238,100,1.8839,16.159,100,100,25.692,31.699,100,41.134,100,100,100,100,100,51.536,100,100,100,100,100,100,100,100,100,10.619,60.061,100,100,100,60.1,32.933,30.556,100,11.608,100,23.319,100,17.957,91.831,100,100,71.284,46.621,100,18.164,24.171,100,26.136,10.469,100,16.67,20.282,100,93.05,100,8.5628,100,100,78.475,100,100,1,35.885,100
11.159,100,29.569,100,100,100,100,100,45.368,100,100,2.4061,100,46.517,28.588,100,100,100,100,16.918,100,20.275,100,100,100,100,7.4483,39.034,100,22.453,22.334,36.913,1,29.855,47.398,11.238,100,1.8839,16.159,100,100,25.692,31.699,100,41.134,100,100,100,100,100,51.536,100,100,100,100,100,100,100,100,100,10.619,60.061,100,100,100,60.1,32.933,30.556,100,11.608,100,23.319,100,17.957,91.831,100,100,71.284,46.621,100,18.164,24.171,100,26.136,10.469,100,16.67,20.282,100,93.05,100,8.5628,100,100,78.475,100,100,1,35.885,100
11.159,100,29.569,100,100,100,100,100,45.368,100,100,2.4061,100,46.517,28.588,100,100,100,100,16.918,100,20.275,100,100,100,100,7.4483,39.034,100,22.453,22.334,36.913,1,29.855,47.398,11.238,100,1.8839,16.159,100,100,25.692,31.699,100,41.134,100,100,100,100,100,51.536,100,100,100,100,100,100,100,100,100,10.619,60.061,100,100,100,60.1,32.933,30.556,100,11.608,100,23.319,100,17.957,91.831,100,100,71.284,46.621,100,18.164,24.171,100,26.136,10.469,100,16.67,20.282,100,93.05,100,8.5628,100,100,78.475,100,100,1,35.885,100
11.159,100,29.569,100,100,100,100,100,45.368,100,100,2.4061,100,46.517,28.588,100,100,100,100,16.918,100,20.275,100,100,100,100,7.4483,39.034,100,22.453,22.334,36.913,1,29.855,47.398,11.238,1,1.8839,16.159,100,100,25.692,31.699,100,41.134,100,100,100,100,100,51.536,100,100,100,100,100,100,100,100,100,10.619,60.061,100,100,100,60.1,32.933,30.556,100,11.608,100,23.319,100,17.957,91.831,100,100,71.284,46.621,100,18.164,24.171,100,26.136,10.469,100,16.67,20.282,100,93.05,100,8.5628,100,100,78.475,100,100,1,35.885,100
11.159,100,29.569,100,100,100,100,100,45.368,100,100,2.4061,1,46.517,28.588,1,100,100,100,16.918,100,20.275,100,100,100,100,7.4483,39.034,100,22.453,22.334,36.913,1,29.855,47.398,11.238,1,1.8839,16.159,1,100,25.692,31.699,100,41.134,100,100,100,100,100,51.536,100,100,100,100,100,100,100,100,100,10.619,60.061,100,100,100,60.1,32.933,30.556,100,11.608,100,23.319,100,17.957,91.831,100,100,71.284,46.621,100,18.164,24.171,100,26.136,10.469,100,16.67,20.282,100,93.05,100,8.5628,100,100,78.475,100,100,1,35.885,100
11.159,100,29.569,100,100,100,100,100,45.368,100,100,2.4061,1,46.517,28.588,1,100,100,100,16.918,100,20.275,100,100,100,100,7.4483,39.034,100,22.453,22.334,36.913,1,29.855,47.398,11.238,1,1.8839,16.159,1,100,25.692,31.699,100,41.134,100,100,100,100,100,51.536,100,100,100,100,100,100,100,100,100,10.619,60.061,100,100,100,60.1,32.933,30.556,100,11.608,100,23.319,100,17.957,91.831,100,100,71.284,46.621,100,18.164,24.171,100,26.136,10.469,100,16.67,20.282,100,93.05,100,8.5628,100,100,78.475,100,100,1,35.885,100
11.159,100,29.569,100,100,100,100,100,45.368,100,100,2.4061,1,46.517,28.588,1,100,100,100,16.918,100,20.275,100,100,100,100,7.4483,39.034,100,22.453,22.334,36.913,1,29.855,47.398,11.238,1,1.8839,16.159,1,100,25.692,31.699,100,41.134,100,100,100,100,100,51.536,100,100,100,100,100,100,100,100,100,10.619,60.061,100,100,100,60.1,32.933,30.556,100,11.608,100,23.319,100,17.957,91.831,100,100,71.284,46.621,100,18.164,24.171,100,26.136,10.469,100,16.67,20.282,100,93.05,100,8.5628,100,100,78.475,100,100,1,35.885,100
11.159,100,29.569,100,100,100,100,100,45.368,100,100,2.4061,1,46.517,28.588,1,100,100,100,16.918,100,20.275,100,100,100,100,7.4483,39.034,100,22.453,22.334,36.913,1,29.855,47.398,11.238,1,1.8839,16.159,1,100,25.692,31.699,100,41.134,100,100,100,100,100,51.536,100,100,100,100,100,100,100,100,100,10.619,60.061,100,100,100,60.1,32.933,30.556,100,11.608,100,23.319,100,17.957,91.831,100,100,71.284,46.621,100,18.164,24.171,100,26.136,10.469,100,16.67,20.282,100,93.05,100,8.5628,100,100,78.475,100,100,1,35.885,100
11.159,100,29.569,100,100,100,100,1,45.368,100,100,2.4061,1,46.517,28.588,1,100,100,100,16.918,100,20.275,100,100,100,100,7.4483,39.034,100,22.453,22.334,36.913,1,29.855,47.398,11.238,1,1.8839,16.159,1,100,25.692,31.699,100,41.134,100,100,1,100,100,51.536,100,100,100,100,100,100,100,100,100,10.619,60.061,100,100,100,60.1,32.933,30.556,100,11.608,100,23.319,100,17.957,91.831,100,100,71.284,46.621,100,18.164,24.171,100,26.136,10.469,100,16.67,20.282,100,93.05,100,8.5628,100,100,78.475,100,100,1,35.885,100
11.159,100,29.569,100,100,100,100,1,45.368,100,100,2.4061,1,46.517,28.588,1,100,100,100,16.918,100,20.275,100,100,100,100,7.4483,39.034,100,22.453,22.334,36.913,1,29.855,47.398,11.238,1,1.8839,16.159,1,100,25.692,31.699,100,41.134,1,100,1,100,100,51.536,100,100,100,100,100,100,100,100,100,10.619,60.061,100,100,100,60.1,32.933,30.556,100,11.608,100,23.319,100,17.957,91.831,100,100,1,46.621,100,18.164,24.171,100,26.136,10.469,100,16.67,20.282,100,93.05,100,8.5628,100,100,78.475,100,100,1,35.885,100
11.159,100,29.569,100,100,100,100,1,45.368,100,100,2.4061,1,46.517,28.588,1,1,100,100,16.918,100,20.275,100,100,100,100,7.4483,39.034,100,22.453,22.334,36.913,1,29.855,47.398,11.238,1,1.8839,16.159,1,100,25.692,31.699,100,41.134,1,100,1,100,100,51.536,100,100,100,100,100,100,100,100,100,10.619,60.061,100,100,100,60.1,32.933,30.556,100,11.608,100,23.319,100,17.957,91.831,100,1,1,46.621,100,18.164,24.171,100,26.136,10.469,100,16.67,20.282,100,93.05,100,8.5628,100,100,78.475,100,100,1,35.885,100
11.159,100,29.569,100,100,100,100,1,45.368,100,100,2.4061,1,46.517,28.588,1,1,100,100,16.918,100,20.275,100,100,100,100,7.4483,39.034,100,22.453,22.334,36.913,1,29.855,47.398,11.238,1,1.8839,16.159,1,100,25.692,31.699,100,41.134,1,100,1,100,100,51.536,100,100,100,100,100,100,100,100,100,10.619,60.061,100,100,100,60.1,32.933,30.556,100,11.608,100,23.319,100,17.957,91.831,100,1,1,46.621,100,18.164,24.171,100,26.136,10.469,100,16.67,20.282,100,93.05,100,8.5628,100,100,78.475,100,100,1,35.885,100
11.159,100,29.569,100,100,100,100,1,45.368,100,100,2.4061,1,46.517,28.588,1,1,100,100,16.918,100,20.275,1,100,100,100,7.4483,39.034,100,22.453,22.334,36.913,1,29.855,47.398,11.238,1,1.8839,16.159,1,100,25.692,31.699,100,41.134,1,100,1,100,100,51.536,100,100,100,100,100,100,100,100,100,10.619,60.061,100,100,100,60.1,32.933,30.556,100,11.608,100,23.319,100,17.957,91.831,100,1,1,46.621,100,18.164,24.171,100,26.136,10.469,100,16.67,20.282,100,93.05,100,8.5628,100,100,78.475,100,100,1,35.885,100
11.159,100,29.569,100,100,1,100,1,45.368,100,100,2.4061,1,46.517,28.588,1,1,100,100,16.918,100,20.275,1,100,100,100,7.4483,39.034,100,22.453,22.334,36.913,1,29.855,47.398,11.238,1,1.8839,16.159,1,100,25.692,31.699,100,41.134,1,100,1,100,100,51.536,100,100,100,100,100,100,100,100,100,10.619,60.061,100,100,100,60.1,32.933,30.556,100,11.608,100,23.319,100,17.957,91.831,100,1,1,46.621,100,18.164,24.171,100,26.136,10.469,100,16.67,20.282,100,93.05,100,8.5628,100,100,78.475,100,100,1,35.885,100
11.159,100,29.569,100,100,1,100,1,45.368,100,100,2.4061,1,46.517,28.588,1,1,100,100,16.918,100,20.275,1,100,100,100,7.4483,39.034,100,22.453,22.334,36.913,1,29.855,47.398,11.238,1,1.8839,16.159,1,100,25.692,31.699,100,41.134,1,100,1,100,100,51.536,100,100,100,100,100,100,100,100,100,10.619,60.061,100,100,100,60.1,32.933,30.556,1,11.608,100,23.319,100,17.957,91.831,100,1,1,46.621,100,18.164,24.171,100,26.136,10.469,100,16.67,20.282,100,93.05,100,8.5628,100,100,78.475,100,100,1,35.885,100
11.159,100,29.569,100,100,1,100,1,45.368,100,100,2.4061,1,46.517,28.588,1,1,100,100,16.918,100,20.275,1,100,100,100,7.4483,39.034,100,22.453,22.334,36.913,1,29.855,47.398,11.238,1,1.8839,16.159,1,100,25.692,31.699,100,41.134,1,100,1,100,100,51.536,100,100,100,100,100,100,100,100,100,10.619,60.061,100,100,100,60.1,32.933,30.556,1,11.608,100,23.319,100,17.957,91.831,100,1,1,46.621,100,18.164,24.171,100,26.136,10.469,100,16.67,20.282,100,93.05,100,8.5628,100,100,78.475,100,100,1,35.885,100
11.159,100,29.569,100,100,1,1,1,45.368,100,100,2.4061,1,46.517,28.588,1,1,100,100,16.918,100,20.275,1,100,100,100,7.4483,39.034,100,22.453,22.334,36.913,1,29.855,47.398,11.238,1,1.8839,16.159,1,100,25.692,31.699,100,41.134,1,100,1,100,100,51.536,100,100,100,100,100,100,100,100,100,10.619,60.061,100,100,100,60.1,32.933,30.556,1,11.608,100,23.319,100,17.957,91.831,1,1,1,46.621,100,18.164,24.171,100,26.136,10.469,100,16.67,20.282,100,93.05,100,8.5628,100,100,78.475,100,100,1,35.885,100
11.159,100,29.569,100,100,1,1,1,45.368,100,100,2.4061,1,46.517,28.588,1,1,100,100,16.918,100,20.275,1,100,100,100,7.4483,39.034,100,22.453,22.334,36.913,1,29.855,47.398,11.238,1,1.8839,16.159,1,100,25.692,31.699,100,41.134,1,100,1,100,100,51.536,100,100,100,100,100,100,100,100,100,10.619,60.061,100,100,100,60.1,32.933,30.556,1,11.608,100,23.319,100,17.957,91.831,1,1,1,46.621,100,18.164,24.171,100,26.136,10.469,100,16.67,20.282,100,93.05,100,8.5628,100,100,78.475,100,100,1,35.885,100
11.159,100,29.569,100,100,1,1,1,45.368,100,100,2.4061,1,46.517,28.588,1,1,100,100,16.918,100,20.275,1,100,100,100,7.4483,39.034,100,22.453,22.334,36.913,1,29.855,47.398,11.238,1,1.8839,16.159,1,100,25.692,31.699,100,41.134,1,100,1,100,100,51.536,100,100,100,100,100,100,100,100,100,10.619,60.061,100,100,100,60.1,32.933,30.556,1,11.608,100,23.319,100,17.957,91.831,1,1,1,46.621,100,18.164,24.171,100,26.136,10.469,100,16.67,20.282,100,93.05,100,8.5628,100,100,78.475,100,100,1,35.885,100
11.159,100,29.569,100,100,1,1,1,45.368,100,100,2.4061,1,46.517,28.588,1,1,100,100,16.918,100,20.275,1,1,100,100,7.4483,39.034,100,22.453,22.334,36.913,1,29.855,47.398,11.238,1,1.8839,16.159,1,100,25.692,31.699,100,41.134,1,100,1,100,100,51.536,100,100,100,100,100,100,100,100,100,10.619,60.061,100,100,100,60.1,32.933,30.556,1,11.608,100,23.319,100,17.957,91.831,1,1,1,46.621,100,18.164,24.171,100,26.136,10.469,100,16.67,20.282,100,93.05,100,8.5628,100,100,78.475,100,100,1,35.885,100
11.159,100,29.569,100,100,1,1,1,45.368,100,100,2.4061,1,46.517,28.588,1,1,100,100,16.918,100,20.275,1,1,100,100,7.4483,39.034,100,22.453,22.334,36.913,1,29.855,47.398,11.238,1,1.8839,16.159,1,100,25.692,31.699,100,41.134,1,100,1,100,100,51.536,100,100,100,100,100,100,100,100,100,10.619,60.061,100,100,100,60.1,32.933,30.556,1,11.608,100,23.319,100,17.957,91.831,1,1,1,46.621,100,18.164,24.171,100,26.136,10.469,100,16.67,20.282,100,93.05,1,8.5628,100,100,78.475,100,100,1,35.885,100
11.159,100,29.569,100,100,1,1,1,45.368,100,100,2.4061,1,46.517,28.588,1,1,100,100,16.918,100,20.275,1,1,100,100,7.4483,39.034,100,22.453,22.334,36.913,1,29.855,47.398,11.238,1,1.8839,16.159,1,100,1,31.699,100,41.134,1,100,1,100,100,51.536,100,100,100,100,100,100,100,100,100,10.619,60.061,100,100,100,60.1,32.933,30.556,1,11.608,100,23.319,100,17.957,91.831,1,1,1,46.621,100,18.164,24.171,100,26.136,10.469,100,16.67,20.282,100,93.05,1,8.5628,100,100,78.475,100,100,1,35.885,100
11.159,100,29.569,100,100,1,1,1,45.368,100,100,2.4061,1,46.517,28.588,1,1,100,100,16.918,100,20.275,1,1,100,100,7.4483,39.034,100,22.453,22.334,36.913,1,29.855,47.398,11.238,1,1.8839,16.159,1,100,1,31.699,100,41.134,1,100,1,100,100,51.536,100,100,100,100,100,100,100,100,100,10.619,60.061,100,100,100,60.1,32.933,30.556,1,11.608,100,23.319,100,17.957,1,1,1,1,46.621,100,18.164,24.171,100,26.136,10.469,100,16.67,20.282,100,93.05,1,8.5628,100,100,78.475,100,100,1,35.885,100
11.159,100,29.569,100,100,1,1,1,45.368,100,100,2.4061,1,46.517,28.588,1,1,100,100,16.918,100,20.275,1,1,100,100,7.4483,39.034,100,22.453,22.334,36.913,1,29.855,47.398,11.238,1,1.8839,16.159,1,100,1,31.699,100,41.134,1,100,1,100,100,51.536,100,100,100,100,100,100,100,100,100,10.619,60.061,100,100,100,60.1,32.933,30.556,1,11.608,100,23.319,100,17.957,1,1,1,1,46.621,100,18.164,24.171,100,26.136,10.469,100,16.67,20.282,100,93.05,1,8.5628,100,100,78.475,100,100,1,35.885,100
11.159,100,29.569,100,100,1,1,1,45.368,100,100,2.4061,1,46.517,28.588,1,1,100,100,16.918,100,20.275,1,1,100,100,7.4483,39.034,100,22.453,22.334,36.913,1,29.855,47.398,11.238,1,1.8839,16.159,1,100,1,31.699,100,41.134,1,100,1,100,100,51.536,100,100,100,100,100,100,100,100,100,10.619,60.061,100,100,100,60.1,32.933,30.556,1,11.608,100,23.319,100,17.957,1,1,1,1,46.621,100,18.164,24.171,100,26.136,10.469,100,16.67,20.282,100,93.05,1,8.5628,100,100,78.475,100,100,1,35.885,100
11.159,100,29.569,100,100,1,1,1,45.368,100,100,2.4061,1,46.517,28.588,1,1,100,100,16.918,100,20.275,1,1,100,100,7.4483,39.034,100,22.453,22.334,36.913,1,29.855,47.398,11.238,1,1.8839,16.159,1,100,1,31.699,100,41.134,1,100,1,100,100,51.536,100,100,100,100,100,100,100,100,100,10.619,60.061,100,100,100,60.1,32.933,30.556,1,11.608,100,23.319,100,17.957,1,1,1,1,46.621,100,18.164,24.171,100,26.136,10.469,100,16.67,20.282,100,93.05,1,8.5628,100,100,78.475,100,100,1,35.885,100
11.159,100,29.569,100,100,1,1,1,45.368,100,100,2.4061,1,46.517,28.588,1,1,100,100,16.918,100,20.275,1,1,100,100,7.4483,39.034,100,22.453,22.334,36.913,1,29.855,47.398,11.238,1,1.8839,16.159,1,100,1,31.699,100,41.134,1,100,1,100,100,51.536,100,100,100,100,100,100,100,100,100,10.619,60.061,100,100,100,60.1,32.933,30.556,1,11.608,100,23.319,100,17.957,1,1,1,1,46.621,100,18.164,24.171,100,26.136,10.469,100,16.67,20.282,100,93.05,1,8.5628,100,100,78.475,100,100,1,35.885,100
11.159,100,29.569,100,100,1,1,1,45.368,100,100,2.4061,1,46.517,28.588,1,1,100,100,16.918,100,20.275,1,1,100,100,7.4483,39.034,100,22.453,22.334,36.913,1,29.855,47.398,11.238,1,1.8839,16.159,1,100,1,31.699,100,41.134,1,100,1,100,100,51.536,100,100,100,100,100,100,100,100,100,10.619,60.061,100,100,100,60.1,32.933,30.556,1,11.608,100,23.319,100,17.957,1,1,1,1,46.621,100,18.164,24.171,100,26.136,10.469,100,16.67,20.282,100,93.05,1,8.5628,100,100,78.475,100,100,1,35.885,100
11.159,100,29.569,100,100,1,1,1,45.368,100,100,2.4061,1,46.517,28.588,1,1,100,100,16.918,100,20.275,1,1,100,100,7.4483,39.034,100,22.453,22.334,36.913,1,29.855,47.398,11.238,1,1.8839,16.159,1,100,1,31.699,100,41.134,1,100,1,100,100,51.536,100,100,100,100,100,100,100,100,100,10.619,60.061,100,100,100,60.1,32.933,30.556,1,11.608,100,23.319,100,17.957,1,1,1,1,46.621,100,18.164,24.171,100,26.136,10.469,100,16.67,20.282,100,93.05,1,8.5628,100,100,78.475,100,100,1,35.885,100
11.159,100,29.569,100,100,1,1,1,45.368,100,100,2.4061,1,46.517,28.588,1,1,100,100,16.918,100,20.275,1,1,100,100,7.4483,39.034,100,22.453,22.334,36.913,1,29.855,47.398,11.238,1,1.8839,16.159,1,100,1,31.699,100,41.134,1,1,1,100,100,51.536,100,100,100,100,100,100,100,100,100,10.619,60.061,100,100,100,60.1,32.933,30.556,1,11.608,100,23.319,100,17.957,1,1,1,1,46.621,100,18.164,24.171,100,26.136,10.469,100,16.67,20.282,100,93.05,1,8.5628,100,100,78.475,100,100,1,35.885,100
11.159,100,29.569,100,100,1,1,1,45.368,100,100,2.4061,1,46.517,28.588,1,1,100,100,16.918,100,20.275,1,1,100,100,7.4483,39.034,100,22.453,22.334,36.913,1,29.855,47.398,11.238,1,1.8839,16.159,1,100,1,31.699,100,41.134,1,1,1,100,100,51.536,100,100,100,100,100,100,100,100,100,10.619,60.061,100,100,100,60.1,32.933,30.556,1,11.608,100,23.319,100,17.957,1,1,1,1,46.621,100,18.164,24.171,100,26.136,10.469,100,16.67,20.282,100,93.05,1,8.5628,100,100,78.475,100,100,1,35.885,100
11.159,100,29.569,100,100,1,1,1,45.368,100,100,2.4061,1,46.517,28.588,1,1,100,100,16.918,100,20.275,1,1,100,100,7.4483,39.034,100,22.453,22.334,36.913,1,29.855,47.398,11.238,1,1.8839,16.159,1,100,1,31.699,100,41.134,1,1,1,100,100,51.536,100,100,100,100,100,100,100,100,100,10.619,60.061,100,100,100,60.1,32.933,30.556,1,11.608,100,23.319,100,17.957,1,1,1,1,46.621,100,18.164,24.171,100,26.136,10.469,100,16.67,20.282,100,93.05,1,8.5628,100,100,78.475,100,100,1,35.885,100
11.159,100,29.569,100,100,1,1,1,45.368,100,100,2.4061,1,46.517,28.588,1,1,100,100,16.918,1,20.275,1,1,100,100,7.4483,39.034,100,22.453,22.334,36.913,1,29.855,47.398,11.238,1,1.8839,16.159,1,100,1,31.699,100,41.134,1,1,1,100,100,51.536,100,100,100,100,100,100,100,100,100,10.619,60.061,100,100,100,60.1,32.933,30.556,1,11.608,1,23.319,100,17.957,1,1,1,1,46.621,100,18.164,24.171,100,26.136,10.469,100,16.67,20.282,100,93.05,1,8.5628,100,100,78.475,100,100,1,35.885,100
11.159,100,29.569,100,100,1,1,1,45.368,100,1,2.4061,1,46.517,28.588,1,1,100,100,16.918,1,20.275,1,1,100,100,7.4483,39.034,100,22.453,22.334,36.913,1,29.855,47.398,11.238,1,1.8839,16.159,1,100,1,31.699,1,41.134,1,1,1,100,100,51.536,100,100,100,100,100,100,100,100,100,10.619,60.061,100,100,100,60.1,32.933,30.556,1,11.608,1,23.319,100,17.957,1,1,1,1,46.621,100,18.164,24.171,100,26.136,10.469,100,16.67,20.282,100,93.05,1,8.5628,100,1,78.475,100,100,1,35.885,100
11.159,100,29.569,100,100,1,1,1,45.368,100,1,2.4061,1,46.517,28.588,1,1,100,100,16.918,1,20.275,1,1,100,100,7.4483,39.034,100,22.453,22.334,36.913,1,29.855,47.398,11.238,1,1.8839,16.159,1,100,1,31.699,1,41.134,1,1,1,100,100,1,100,100,100,100,100,100,100,100,100,10.619,60.061,100,100,100,60.1,32.933,30.556,1,11.608,1,23.319,100,17.957,1,1,1,1,46.621,100,18.164,24.171,100,26.136,10.469,100,16.67,20.282,100,93.05,1,8.5628,100,1,78.475,100,100,1,35.885,100
11.159,100,29.569,100,1,1,1,1,45.368,100,1,2.4061,1,46.517,28.588,1,1,100,100,16.918,1,20.275,1,1,100,100,7.4483,39.034,100,22.453,22.334,36.913,1,29.855,47.398,11.238,1,1.8839,16.159,1,100,1,31.699,1,41.134,1,1,1,100,100,1,100,100,100,100,100,100,100,100,100,10.619,60.061,100,100,100,60.1,32.933,30.556,1,11.608,1,23.319,100,17.957,1,1,1,1,46.621,100,18.164,24.171,100,26.136,10.469,100,16.67,20.282,100,93.05,1,8.5628,100,1,78.475,1,100,1,35.885,100
11.159,100,29.569,100,1,1,1,1,45.368,100,1,2.4061,1,46.517,28.588,1,1,100,100,16.918,1,20.275,1,1,100,100,7.4483,39.034,100,22.453,22.334,36.913,1,29.855,47.398,11.238,1,1.8839,16.159,1,100,1,31.699,1,41.134,1,1,1,100,1,1,100,100,100,100,1,100,100,100,100,10.619,60.061,100,100,100,60.1,32.933,30.556,1,11.608,1,23.319,100,17.957,1,1,1,1,46.621,100,18.164,24.171,100,26.136,10.469,100,16.67,20.282,100,1,1,8.5628,100,1,78.475,1,100,1,35.885,100
11.159,100,29.569,100,1,1,1,1,45.368,100,1,2.4061,1,46.517,28.588,1,1,100,100,16.918,1,20.275,1,1,100,100,7.4483,39.034,100,22.453,22.334,36.913,1,29.855,47.398,11.238,1,1.8839,16.159,1,100,1,31.699,1,41.134,1,1,1,100,1,1,100,100,100,100,1,100,100,100,100,10.619,60.061,100,100,100,60.1,32.933,30.556,1,11.608,1,23.319,100,17.957,1,1,1,1,46.621,100,18.164,24.171,100,26.136,10.469,100,16.67,20.282,100,1,1,8.5628,100,1,78.475,1,100,1,35.885,100
11.159,1,29.569,1,1,1,1,1,45.368,100,1,2.4061,1,46.517,28.588,1,1,100,100,16.918,1,20.275,1,1,100,100,7.4483,39.034,100,22.453,22.334,36.913,1,29.855,47.398,11.238,1,1.8839,16.159,1,100,1,31.699,1,41.134,1,1,1,100,1,1,100,100,100,100,1,100,100,100,100,10.619,60.061,100,100,100,60.1,32.933,30.556,1,11.608,1,23.319,100,17.957,1,1,1,1,46.621,100,18.164,24.171,100,26.136,10.469,100,16.67,20.282,100,1,1,8.5628,100,1,78.475,1,100,1,35.885,100
11.159,1,29.569,1,1,1,1,1,45.368,100,1,2.4061,1,46.517,28.588,1,1,100,100,16.918,1,20.275,1,1,100,100,7.4483,39.034,100,22.453,22.334,36.913,1,29.855,47.398,11.238,1,1.8839,16.159,1,100,1,31.699,1,41.134,1,1,1,100,1,1,100,100,100,100,1,1,100,100,100,10.619,60.061,100,100,100,60.1,32.933,30.556,1,11.608,1,23.319,100,17.957,1,1,1,1,46.621,100,1,24.171,100,26.136,10.469,100,16.67,20.282,100,1,1,8.5628,100,1,78.475,1,100,1,35.885,100
11.159,1,29.569,1,1,1,1,1,45.368,100,1,2.4061,1,46.517,28.588,1,1,100,100,16.918,1,20.275,1,1,100,100,7.4483,39.034,100,22.453,22.334,36.913,1,29.855,47.398,11.238,1,1.8839,16.159,1,100,1,31.699,1,41.134,1,1,1,100,1,1,100,100,100,100,1,1,100,100,100,10.619,60.061,100,100,100,60.1,32.933,30.556,1,11.608,1,23.319,100,17.957,1,1,1,1,46.621,100,1,24.171,100,26.136,10.469,100,16.67,20.282,100,1,1,8.5628,100,1,78.475,1,100,1,35.885,100
11.159,1,29.569,1,1,1,1,1,45.368,100,1,2.4061,1,46.517,28.588,1,1,100,100,16.918,1,20.275,1,1,100,100,7.4483,39.034,100,22.453,22.334,1,1,29.855,47.398,11.238,1,1.8839,16.159,1,100,1,31.699,1,41.134,1,1,1,100,1,1,100,100,100,100,1,1,100,1,100,10.619,60.061,100,100,100,60.1,32.933,30.556,1,11.608,1,23.319,100,17.957,1,1,1,1,46.621,100,1,24.171,100,26.136,10.469,100,16.67,20.282,100,1,1,8.5628,100,1,78.475,1,100,1,35.885,100
11.159,1,29.569,1,1,1,1,1,45.368,100,1,2.4061,1,46.517,28.588,1,1,100,100,16.918,1,20.275,1,1,100,100,7.4483,39.034,100,22.453,22.334,1,1,29.855,47.398,11.238,1,1.8839,16.159,1,100,1,31.699,1,41.134,1,1,1,100,1,1,100,1,100,100,1,1,100,1,100,10.619,60.061,100,100,1,60.1,32.933,30.556,1,1,1,23.319,100,17.957,1,1,1,1,46.621,100,1,24.171,100,26.136,10.469,100,16.67,20.282,100,1,1,8.5628,100,1,78.475,1,100,1,35.885,100
11.159,1,29.569,1,1,1,1,1,45.368,100,1,2.4061,1,46.517,28.588,1,1,100,100,16.918,1,20.275,1,1,100,100,7.4483,39.034,100,22.453,22.334,1,1,29.855,47.398,11.238,1,1.8839,1,1,100,1,31.699,1,41.134,1,1,1,100,1,1,100,1,100,100,1,1,100,1,100,10.619,60.061,100,100,1,60.1,32.933,30.556,1,1,1,23.319,100,17.957,1,1,1,1,46.621,100,1,24.171,100,26.136,10.469,100,16.67,20.282,100,1,1,8.5628,100,1,78.475,1,100,1,35.885,100
11.159,1,29.569,1,1,1,1,1,45.368,100,1,2.4061,1,46.517,28.588,1,1,100,100,16.918,1,20.275,1,1,100,100,7.4483,39.034,100,22.453,22.334,1,1,1,1,11.238,1,1.8839,1,1,100,1,31.699,1,41.134,1,1,1,100,1,1,100,1,1,100,1,1,100,1,100,10.619,60.061,1,100,1,60.1,32.933,30.556,1,1,1,23.319,100,17.957,1,1,1,1,46.621,100,1,24.171,100,26.136,10.469,100,16.67,20.282,100,1,1,8.5628,100,1,78.475,1,100,1,35.885,100
11.159,1,29.569,1,1,1,1,1,45.368,100,1,2.4061,1,46.517,28.588,1,1,100,100,16.918,1,20.275,1,1,100,100,7.4483,39.034,100,22.453,22.334,1,1,1,1,11.238,1,1.8839,1,1,100,1,31.699,1,41.134,1,1,1,100,1,1,100,1,1,100,1,1,100,1,100,10.619,60.061,1,100,1,60.1,32.933,30.556,1,1,1,23.319,100,17.957,1,1,1,1,46.621,100,1,24.171,100,26.136,10.469,100,16.67,20.282,100,1,1,8.5628,100,1,78.475,1,100,1,35.885,100
1,1,29.569,1,1,1,1,1,45.368,100,1,2.4061,1,46.517,28.588,1,1,100,100,16.918,1,20.275,1,1,100,100,7.4483,39.034,100,22.453,22.334,1,1,1,1,11.238,1,1.8839,1,1,100,1,31.699,1,41.134,1,1,1,100,1,1,100,1,1,100,1,1,100,1,100,10.619,60.061,1,1,1,60.1,32.933,30.556,1,1,1,23.319,100,17.957,1,1,1,1,46.621,100,1,24.171,100,26.136,10.469,100,16.67,20.282,100,1,1,8.5628,100,1,78.475,1,100,1,35.885,100
1,1,29.569,1,1,1,1,1,45.368,100,1,2.4061,1,46.517,28.588,1,1,100,100,16.918,1,20.275,1,1,100,100,7.4483,39.034,100,22.453,22.334,1,1,1,1,11.238,1,1.8839,1,1,100,1,31.699,1,41.134,1,1,1,100,1,1,100,1,1,100,1,1,100,1,100,10.619,60.061,1,1,1,60.1,32.933,30.556,1,1,1,23.319,100,17.957,1,1,1,1,46.621,100,1,24.171,100,26.136,10.469,100,16.67,20.282,100,1,1,8.5628,100,1,78.475,1,100,1,35.885,100
1,1,29.569,1,1,1,1,1,45.368,100,1,2.4061,1,46.517,28.588,1,1,100,100,16.918,1,20.275,1,1,100,100,7.4483,39.034,100,22.453,22.334,1,1,1,1,11.238,1,1.8839,1,1,100,1,31.699,1,41.134,1,1,1,100,1,1,100,1,1,100,1,1,1,1,100,10.619,60.061,1,1,1,60.1,32.933,30.556,1,1,1,23.319,1,17.957,1,1,1,1,46.621,100,1,24.171,100,26.136,10.469,100,16.67,20.282,100,1,1,8.5628,100,1,78.475,1,100,1,35.885,100
1,1,29.569,1,1,1,1,1,45.368,100,1,2.4061,1,46.517,28.588,1,1,100,100,16.918,1,20.275,1,1,100,100,7.4483,39.034,1,22.453,22.334,1,1,1,1,11.238,1,1.8839,1,1,100,1,31.699,1,41.134,1,1,1,100,1,1,100,1,1,100,1,1,1,1,100,10.619,60.061,1,1,1,60.1,32.933,30.556,1,1,1,23.319,1,17.957,1,1,1,1,46.621,100,1,24.171,100,26.136,10.469,100,16.67,20.282,100,1,1,8.5628,100,1,78.475,1,100,1,35.885,100
1,1,29.569,1,1,1,1,1,45.368,100,1,2.4061,1,46.517,28.588,1,1,100,100,16.918,1,20.275,1,1,100,100,7.4483,39.034,1,22.453,22.334,1,1,1,1,11.238,1,1.8839,1,1,100,1,31.699,1,41.134,1,1,1,100,1,1,100,1,1,100,1,1,1,1,100,10.619,60.061,1,1,1,60.1,32.933,30.556,1,1,1,23.319,1,17.957,1,1,1,1,46.621,1,1,24.171,100,26.136,10.469,100,16.67,20.282,100,1,1,8.5628,100,1,78.475,1,100,1,35.885,100
1,1,29.569,1,1,1,1,1,45.368,100,1,2.4061,1,46.517,28.588,1,1,100,100,16.918,1,20.275,1,1,100,100,7.4483,39.034,1,22.453,22.334,1,1,1,1,11.238,1,1.8839,1,1,100,1,31.699,1,41.134,1,1,1,100,1,1,100,1,1,100,1,1,1,1,100,10.619,60.061,1,1,1,60.1,32.933,30.556,1,1,1,23.319,1,17.957,1,1,1,1,46.621,1,1,24.171,100,26.136,10.469,100,16.67,20.282,100,1,1,8.5628,100,1,78.475,1,100,1,35.885,100
1,1,29.569,1,1,1,1,1,45.368,100,1,2.4061,1,46.517,28.588,1,1,100,100,16.918,1,20.275,1,1,100,100,7.4483,39.034,1,22.453,22.334,1,1,1,1,11.238,1,1.8839,1,1,1,1,31.699,1,41.134,1,1,1,100,1,1,100,1,1,100,1,1,1,1,100,10.619,60.061,1,1,1,60.1,32.933,30.556,1,1,1,23.319,1,17.957,1,1,1,1,46.621,1,1,24.171,100,26.136,10.469,100,16.67,20.282,100,1,1,8.5628,100,1,78.475,1,100,1,35.885,100
1,1,29.569,1,1,1,1,1,45.368,1,1,2.4061,1,46.517,28.588,1,1,100,100,16.918,1,20.275,1,1,1,100,7.4483,39.034,1,22.453,22.334,1,1,1,1,11.238,1,1.8839,1,1,1,1,31.699,1,41.134,1,1,1,100,1,1,100,1,1,100,1,1,1,1,100,10.619,60.061,1,1,1,60.1,32.933,30.556,1,1,1,23.319,1,17.957,1,1,1,1,46.621,1,1,24.171,100,26.136,10.469,100,16.67,20.282,100,1,1,8.5628,100,1,78.475,1,100,1,35.885,100
1,1,29.569,1,1,1,1,1,45.368,1,1,2.4061,1,46.517,28.588,1,1,100,100,16.918,1,20.275,1,1,1,100,7.4483,39.034,1,22.453,22.334,1,1,1,1,11.238,1,1.8839,1,1,1,1,31.699,1,41.134,1,1,1,100,1,1,100,1,1,100,1,1,1,1,100,10.619,60.061,1,1,1,60.1,32.933,30.556,1,1,1,23.319,1,17.957,1,1,1,1,46.621,1,1,24.171,100,26.136,10.469,100,16.67,20.282,100,1,1,8.5628,100,1,78.475,1,100,1,35.885,100
1,1,29.569,1,1,1,1,1,45.368,1,1,2.4061,1,46.517,28.588,1,1,100,100,16.918,1,1,1,1,1,100,7.4483,39.034,1,22.453,22.334,1,1,1,1,11.238,1,1.8839,1,1,1,1,31.699,1,41.134,1,1,1,100,1,1,100,1,1,100,1,1,1,1,100,1,60.061,1,1,1,60.1,32.933,30.556,1,1,1,23.319,1,17.957,1,1,1,1,46.621,1,1,24.171,100,26.136,10.469,100,16.67,20.282,100,1,1,8.5628,100,1,78.475,1,100,1,35.885,1
1,1,1,1,1,1,1,1,45.368,1,1,2.4061,1,46.517,28.588,1,1,1,100,16.918,1,1,1,1,1,100,7.4483,39.034,1,22.453,22.334,1,1,1,1,11.238,1,1.8839,1,1,1,1,31.699,1,41.134,1,1,1,100,1,1,100,1,1,100,1,1,1,1,100,1,60.061,1,1,1,60.1,32.933,30.556,1,1,1,23.319,1,17.957,1,1,1,1,46.621,1,1,24.171,100,26.136,10.469,100,16.67,20.282,100,1,1,8.5628,100,1,78.475,1,100,1,35.885,1
1,1,1,1,1,1,1,1,45.368,1,1,2.4061,1,46.517,28.588,1,1,1,100,16.918,1,1,1,1,1,1,7.4483,39.034,1,22.453,22.334,1,1,1,1,11.238,1,1.8839,1,1,1,1,31.699,1,41.134,1,1,1,100,1,1,100,1,1,100,1,1,1,1,1,1,60.061,1,1,1,60.1,32.933,30.556,1,1,1,23.319,1,17.957,1,1,1,1,46.621,1,1,24.171,100,26.136,10.469,100,16.67,20.282,100,1,1,8.5628,100,1,78.475,1,100,1,35.885,1
1,1,1,1,1,1,1,1,45.368,1,1,2.4061,1,46.517,28.588,1,1,1,100,16.918,1,1,1,1,1,1,7.4483,39.034,1,22.453,22.334,1,1,1,1,11.238,1,1.8839,1,1,1,1,1,1,41.134,1,1,1,100,1,1,100,1,1,100,1,1,1,1,1,1,60.061,1,1,1,60.1,32.933,30.556,1,1,1,23.319,1,17.957,1,1,1,1,46.621,1,1,24.171,100,26.136,10.469,100,16.67,20.282,100,1,1,8.5628,100,1,78.475,1,100,1,35.885,1
1,1,1,1,1,1,1,1,45.368,1,1,2.4061,1,46.517,28.588,1,1,1,100,16.918,1,1,1,1,1,1,7.4483,1,1,22.453,22.334,1,1,1,1,11.238,1,1.8839,1,1,1,1,1,1,41.134,1,1,1,100,1,1,100,1,1,100,1,1,1,1,1,1,60.061,1,1,1,60.1,32.933,30.556,1,1,1,23.319,1,17.957,1,1,1,1,46.621,1,1,24.171,100,26.136,10.469,100,16.67,20.282,100,1,1,8.5628,100,1,78.475,1,100,1,35.885,1
1,1,1,1,1,1,1,1,45.368,1,1,2.4061,1,46.517,28.588,1,1,1,100,16.918,1,1,1,1,1,1,7.4483,1,1,22.453,22.334,1,1,1,1,11.238,1,1.8839,1,1,1,1,1,1,41.134,1,1,1,100,1,1,100,1,1,100,1,1,1,1,1,1,60.061,1,1,1,60.1,32.933,30.556,1,1,1,23.319,1,17.957,1,1,1,1,46.621,1,1,24.171,100,26.136,10.469,100,16.67,20.282,100,1,1,8.5628,100,1,78.475,1,100,1,35.885,1
1,1,1,1,1,1,1,1,1,1,1,2.4061,1,46.517,28.588,1,1,1,100,16.918,1,1,1,1,1,1,7.4483,1,1,22.453,22.334,1,1,1,1,11.238,1,1.8839,1,1,1,1,1,1,41.134,1,1,1,100,1,1,100,1,1,100,1,1,1,1,1,1,60.061,1,1,1,60.1,32.933,30.556,1,1,1,23.319,1,17.957,1,1,1,1,46.621,1,1,24.171,100,26.136,10.469,100,16.67,20.282,100,1,1,8.5628,100,1,78.475,1,100,1,1,1
1,1,1,1,1,1,1,1,1,1,1,2.4061,1,46.517,28.588,1,1,1,1,16.918,1,1,1,1,1,1,7.4483,1,1,22.453,22.334,1,1,1,1,11.238,1,1.8839,1,1,1,1,1,1,41.134,1,1,1,100,1,1,100,1,1,100,1,1,1,1,1,1,60.061,1,1,1,60.1,32.933,30.556,1,1,1,23.319,1,17.957,1,1,1,1,46.621,1,1,24.171,100,26.136,10.469,1,16.67,20.282,100,1,1,8.5628,100,1,78.475,1,100,1,1,1
1,1,1,1,1,1,1,1,1,1,1,2.4061,1,46.517,28.588,1,1,1,1,16.918,1,1,1,1,1,1,7.4483,1,1,22.453,22.334,1,1,1,1,11.238,1,1.8839,1,1,1,1,1,1,41.134,1,1,1,100,1,1,100,1,1,100,1,1,1,1,1,1,60.061,1,1,1,60.1,32.933,30.556,1,1,1,23.319,1,17.957,1,1,1,1,46.621,1,1,24.171,100,1,10.469,1,16.67,20.282,100,1,1,8.5628,100,1,78.475,1,100,1,1,1
1,1,1,1,1,1,1,1,1,1,1,2.4061,1,46.517,1,1,1,1,1,16.918,1,1,1,1,1,1,7.4483,1,1,22.453,22.334,1,1,1,1,11.238,1,1.8839,1,1,1,1,1,1,41.134,1,1,1,100,1,1,100,1,1,100,1,1,1,1,1,1,60.061,1,1,1,60.1,32.933,30.556,1,1,1,23.319,1,17.957,1,1,1,1,46.621,1,1,24.171,100,1,10.469,1,16.67,20.282,100,1,1,8.5628,100,1,78.475,1,100,1,1,1
1,1,1,1,1,1,1,1,1,1,1,2.4061,1,46.517,1,1,1,1,1,16.918,1,1,1,1,1,1,7.4483,1,1,22.453,22.334,1,1,1,1,11.238,1,1.8839,1,1,1,1,1,1,41.134,1,1,1,100,1,1,100,1,1,1,1,1,1,1,1,1,60.061,1,1,1,60.1,32.933,30.556,1,1,1,23.319,1,17.957,1,1,1,1,46.621,1,1,24.171,100,1,10.469,1,16.67,20.282,100,1,1,8.5628,100,1,78.475,1,100,1,1,1
1,1,1,1,1,1,1,1,1,1,1,2.4061,1,46.517,1,1,1,1,1,16.918,1,1,1,1,1,1,7.4483,1,1,22.453,22.334,1,1,1,1,11.238,1,1.8839,1,1,1,1,1,1,41.134,1,1,1,100,1,1,100,1,1,1,1,1,1,1,1,1,60.061,1,1,1,60.1,32.933,30.556,1,1,1,23.319,1,17.957,1,1,1,1,46.621,1,1,24.171,100,1,10.469,1,16.67,20.282,100,1,1,8.5628,100,1,78.475,1,100,1,1,1
1,1,1,1,1,1,1,1,1,1,1,2.4061,1,46.517,1,1,1,1,1,1,1,1,1,1,1,1,7.4483,1,1,22.453,22.334,1,1,1,1,11.238,1,1.8839,1,1,1,1,1,1,41.134,1,1,1,100,1,1,100,1,1,1,1,1,1,1,1,1,60.061,1,1,1,60.1,32.933,30.556,1,1,1,23.319,1,17.957,1,1,1,1,46.621,1,1,24.171,100,1,10.469,1,16.67,20.282,100,1,1,8.5628,100,1,1,1,100,1,1,1
1,1,1,1,1,1,1,1,1,1,1,2.4061,1,46.517,1,1,1,1,1,1,1,1,1,1,1,1,7.4483,1,1,22.453,22.334,1,1,1,1,11.238,1,1.8839,1,1,1,1,1,1,41.134,1,1,1,100,1,1,100,1,1,1,1,1,1,1,1,1,60.061,1,1,1,60.1,32.933,30.556,1,1,1,23.319,1,17.957,1,1,1,1,46.621,1,1,24.171,100,1,10.469,1,16.67,20.282,100,1,1,8.5628,100,1,1,1,100,1,1,1
1,1,1,1,1,1,1,1,1,1,1,2.4061,1,46.517,1,1,1,1,1,1,1,1,1,1,1,1,7.4483,1,1,22.453,22.334,1,1,1,1,11.238,1,1.8839,1,1,1,1,1,1,41.134,1,1,1,100,1,1,100,1,1,1,1,1,1,1,1,1,60.061,1,1,1,60.1,32.933,30.556,1,1,1,23.319,1,17.957,1,1,1,1,46.621,1,1,24.171,100,1,10.469,1,16.67,20.282,1,1,1,8.5628,100,1,1,1,100,1,1,1
1,1,1,1,1,1,1,1,1,1,1,2.4061,1,46.517,1,1,1,1,1,1,1,1,1,1,1,1,7.4483,1,1,22.453,22.334,1,1,1,1,11.238,1,1.8839,1,1,1,1,1,1,41.134,1,1,1,100,1,1,100,1,1,1,1,1,1,1,1,1,60.061,1,1,1,60.1,32.933,30.556,1,1,1,23.319,1,17.957,1,1,1,1,46.621,1,1,24.171,100,1,10.469,1,16.67,20.282,1,1,1,8.5628,100,1,1,1,100,1,1,1
1,1,1,1,1,1,1,1,1,1,1,2.4061,1,46.517,1,1,1,1,1,1,1,1,1,1,1,1,7.4483,1,1,22.453,22.334,1,1,1,1,11.238,1,1.8839,1,1,1,1,1,1,41.134,1,1,1,100,1,1,100,1,1,1,1,1,1,1,1,1,60.061,1,1,1,60.1,32.933,30.556,1,1,1,23.319,1,17.957,1,1,1,1,46.621,1,1,24.171,100,1,10.469,1,16.67,20.282,1,1,1,8.5628,100,1,1,1,100,1,1,1
1,1,1,1,1,1,1,1,1,1,1,2.4061,1,46.517,1,1,1,1,1,1,1,1,1,1,1,1,7.4483,1,1,22.453,22.334,1,1,1,1,11.238,1,1.8839,1,1,1,1,1,1,41.134,1,1,1,100,1,1,100,1,1,1,1,1,1,1,1,1,60.061,1,1,1,60.1,32.933,30.556,1,1,1,23.319,1,17.957,1,1,1,1,46.621,1,1,24.171,100,1,10.469,1,16.67,20.282,1,1,1,8.5628,100,1,1,1,100,1,1,1
1,1,1,1,1,1,1,1,1,1,1,2.4061,1,46.517,1,1,1,1,1,1,1,1,1,1,1,1,7.4483,1,1,22.453,22.334,1,1,1,1,11.238,1,1.8839,1,1,1,1,1,1,41.134,1,1,1,100,1,1,100,1,1,1,1,1,1,1,1,1,60.061,1,1,1,60.1,1,30.556,1,1,1,23.319,1,17.957,1,1,1,1,46.621,1,1,24.171,100,1,1,1,16.67,20.282,1,1,1,8.5628,1,1,1,1,100,1,1,1
1,1,1,1,1,1,1,1,1,1,1,2.4061,1,46.517,1,1,1,1,1,1,1,1,1,1,1,1,7.4483,1,1,22.453,22.334,1,1,1,1,11.238,1,1.8839,1,1,1,1,1,1,41.134,1,1,1,1,1,1,100,1,1,1,1,1,1,1,1,1,60.061,1,1,1,60.1,1,1,1,1,1,23.319,1,17.957,1,1,1,1,46.621,1,1,24.171,100,1,1,1,16.67,20.282,1,1,1,8.5628,1,1,1,1,100,1,1,1
1,1,1,1,1,1,1,1,1,1,1,2.4061,1,46.517,1,1,1,1,1,1,1,1,1,1,1,1,7.4483,1,1,22.453,22.334,1,1,1,1,11.238,1,1.8839,1,1,1,1,1,1,41.134,1,1,1,1,1,1,100,1,1,1,1,1,1,1,1,1,60.061,1,1,1,60.1,1,1,1,1,1,23.319,1,17.957,1,1,1,1,46.621,1,1,24.171,100,1,1,1,16.67,20.282,1,1,1,8.5628,1,1,1,1,100,1,1,1
1,1,1,1,1,1,1,1,1,1,1,2.4061,1,46.517,1,1,1,1,1,1,1,1,1,1,1,1,7.4483,1,1,22.453,22.334,1,1,1,1,11.238,1,1.8839,1,1,1,1,1,1,41.134,1,1,1,1,1,1,100,1,1,1,1,1,1,1,1,1,60.061,1,1,1,60.1,1,1,1,1,1,23.319,1,17.957,1,1,1,1,46.621,1,1,24.171,100,1,1,1,16.67,20.282,1,1,1,8.5628,1,1,1,1,100,1,1,1
1,1,1,1,1,1,1,1,1,1,1,2.4061,1,46.517,1,1,1,1,1,1,1,1,1,1,1,1,7.4483,1,1,22.453,22.334,1,1,1,1,11.238,1,1.8839,1,1,1,1,1,1,41.134,1,1,1,1,1,1,100,1,1,1,1,1,1,1,1,1,60.061,1,1,1,60.1,1,1,1,1,1,23.319,1,17.957,1,1,1,1,46.621,1,1,24.171,100,1,1,1,16.67,20.282,1,1,1,8.5628,1,1,1,1,100,1,1,1
1,1,1,1,1,1,1,1,1,1,1,2.4061,1,46.517,1,1,1,1,1,1,1,1,1,1,1,1,7.4483,1,1,22.453,22.334,1,1,1,1,11.238,1,1.8839,1,1,1,1,1,1,41.134,1,1,1,1,1,1,100,1,1,1,1,1,1,1,1,1,1,1,1,1,60.1,1,1,1,1,1,23.319,1,17.957,1,1,1,1,46.621,1,1,24.171,100,1,1,1,16.67,20.282,1,1,1,8.5628,1,1,1,1,100,1,1,1
1,1,1,1,1,1,1,1,1,1,1,2.4061,1,46.517,1,1,1,1,1,1,1,1,1,1,1,1,7.4483,1,1,22.453,22.334,1,1,1,1,1,1,1.8839,1,1,1,1,1,1,41.134,1,1,1,1,1,1,100,1,1,1,1,1,1,1,1,1,1,1,1,1,60.1,1,1,1,1,1,23.319,1,17.957,1,1,1,1,46.621,1,1,24.171,1,1,1,1,16.67,20.282,1,1,1,8.5628,1,1,1,1,100,1,1,1
1,1,1,1,1,1,1,1,1,1,1,2.4061,1,46.517,1,1,1,1,1,1,1,1,1,1,1,1,7.4483,1,1,22.453,22.334,1,1,1,1,1,1,1.8839,1,1,1,1,1,1,41.134,1,1,1,1,1,1,100,1,1,1,1,1,1,1,1,1,1,1,1,1,60.1,1,1,1,1,1,23.319,1,17.957,1,1,1,1,46.621,1,1,24.171,1,1,1,1,16.67,20.282,1,1,1,8.5628,1,1,1,1,100,1,1,1
1,1,1,1,1,1,1,1,1,1,1,2.4061,1,46.517,1,1,1,1,1,1,1,1,1,1,1,1,7.4483,1,1,22.453,22.334,1,1,1,1,1,1,1.8839,1,1,1,1,1,1,41.134,1,1,1,1,1,1,100,1,1,1,1,1,1,1,1,1,1,1,1,1,60.1,1,1,1,1,1,23.319,1,17.957,1,1,1,1,46.621,1,1,24.171,1,1,1,1,16.67,20.282,1,1,1,8.5628,1,1,1,1,100,1,1,1
1,1,1,1,1,1,1,1,1,1,1,2.4061,1,46.517,1,1,1,1,1,1,1,1,1,1,1,1,7.4483,1,1,22.453,22.334,1,1,1,1,1,1,1.8839,1,1,1,1,1,1,41.134,1,1,1,1,1,1,100,1,1,1,1,1,1,1,1,1,1,1,1,1,60.1,1,1,1,1,1,23.319,1,1,1,1,1,1,46.621,1,1,24.171,1,1,1,1,16.67,20.282,1,1,1,8.5628,1,1,1,1,100,1,1,1
1,1,1,1,1,1,1,1,1,1,1,2.4061,1,46.517,1,1,1,1,1,1,1,1,1,1,1,1,7.4483,1,1,22.453,22.334,1,1,1,1,1,1,1.8839,1,1,1,1,1,1,41.134,1,1,1,1,1,1,100,1,1,1,1,1,1,1,1,1,1,1,1,1,60.1,1,1,1,1,1,1,1,1,1,1,1,1,46.621,1,1,24.171,1,1,1,1,1,20.282,1,1,1,8.5628,1,1,1,1,100,1,1,1
1,1,1,1,1,1,1,1,1,1,1,2.4061,1,46.517,1,1,1,1,1,1,1,1,1,1,1,1,1,1,1,22.453,22.334,1,1,1,1,1,1,1.8839,1,1,1,1,1,1,41.134,1,1,1,1,1,1,1,1,1,1,1,1,1,1,1,1,1,1,1,1,60.1,1,1,1,1,1,1,1,1,1,1,1,1,46.621,1,1,24.171,1,1,1,1,1,20.282,1,1,1,8.5628,1,1,1,1,100,1,1,1
1,1,1,1,1,1,1,1,1,1,1,2.4061,1,1,1,1,1,1,1,1,1,1,1,1,1,1,1,1,1,22.453,22.334,1,1,1,1,1,1,1.8839,1,1,1,1,1,1,41.134,1,1,1,1,1,1,1,1,1,1,1,1,1,1,1,1,1,1,1,1,60.1,1,1,1,1,1,1,1,1,1,1,1,1,46.621,1,1,24.171,1,1,1,1,1,20.282,1,1,1,8.5628,1,1,1,1,1,1,1,1
1,1,1,1,1,1,1,1,1,1,1,2.4061,1,1,1,1,1,1,1,1,1,1,1,1,1,1,1,1,1,22.453,1,1,1,1,1,1,1,1.8839,1,1,1,1,1,1,41.134,1,1,1,1,1,1,1,1,1,1,1,1,1,1,1,1,1,1,1,1,1,1,1,1,1,1,1,1,1,1,1,1,1,1,1,1,24.171,1,1,1,1,1,20.282,1,1,1,8.5628,1,1,1,1,1,1,1,1
1,1,1,1,1,1,1,1,1,1,1,2.4061,1,1,1,1,1,1,1,1,1,1,1,1,1,1,1,1,1,22.453,1,1,1,1,1,1,1,1.8839,1,1,1,1,1,1,41.134,1,1,1,1,1,1,1,1,1,1,1,1,1,1,1,1,1,1,1,1,1,1,1,1,1,1,1,1,1,1,1,1,1,1,1,1,24.171,1,1,1,1,1,20.282,1,1,1,8.5628,1,1,1,1,1,1,1,1
1,1,1,1,1,1,1,1,1,1,1,2.4061,1,1,1,1,1,1,1,1,1,1,1,1,1,1,1,1,1,1,1,1,1,1,1,1,1,1.8839,1,1,1,1,1,1,41.134,1,1,1,1,1,1,1,1,1,1,1,1,1,1,1,1,1,1,1,1,1,1,1,1,1,1,1,1,1,1,1,1,1,1,1,1,24.171,1,1,1,1,1,20.282,1,1,1,8.5628,1,1,1,1,1,1,1,1
1,1,1,1,1,1,1,1,1,1,1,2.4061,1,1,1,1,1,1,1,1,1,1,1,1,1,1,1,1,1,1,1,1,1,1,1,1,1,1.8839,1,1,1,1,1,1,41.134,1,1,1,1,1,1,1,1,1,1,1,1,1,1,1,1,1,1,1,1,1,1,1,1,1,1,1,1,1,1,1,1,1,1,1,1,24.171,1,1,1,1,1,20.282,1,1,1,8.5628,1,1,1,1,1,1,1,1
1,1,1,1,1,1,1,1,1,1,1,2.4061,1,1,1,1,1,1,1,1,1,1,1,1,1,1,1,1,1,1,1,1,1,1,1,1,1,1.8839,1,1,1,1,1,1,1,1,1,1,1,1,1,1,1,1,1,1,1,1,1,1,1,1,1,1,1,1,1,1,1,1,1,1,1,1,1,1,1,1,1,1,1,24.171,1,1,1,1,1,1,1,1,1,8.5628,1,1,1,1,1,1,1,1
1,1,1,1,1,1,1,1,1,1,1,2.4061,1,1,1,1,1,1,1,1,1,1,1,1,1,1,1,1,1,1,1,1,1,1,1,1,1,1.8839,1,1,1,1,1,1,1,1,1,1,1,1,1,1,1,1,1,1,1,1,1,1,1,1,1,1,1,1,1,1,1,1,1,1,1,1,1,1,1,1,1,1,1,24.171,1,1,1,1,1,1,1,1,1,8.5628,1,1,1,1,1,1,1,1
1,1,1,1,1,1,1,1,1,1,1,2.4061,1,1,1,1,1,1,1,1,1,1,1,1,1,1,1,1,1,1,1,1,1,1,1,1,1,1.8839,1,1,1,1,1,1,1,1,1,1,1,1,1,1,1,1,1,1,1,1,1,1,1,1,1,1,1,1,1,1,1,1,1,1,1,1,1,1,1,1,1,1,1,24.171,1,1,1,1,1,1,1,1,1,8.5628,1,1,1,1,1,1,1,1
1,1,1,1,1,1,1,1,1,1,1,2.4061,1,1,1,1,1,1,1,1,1,1,1,1,1,1,1,1,1,1,1,1,1,1,1,1,1,1.8839,1,1,1,1,1,1,1,1,1,1,1,1,1,1,1,1,1,1,1,1,1,1,1,1,1,1,1,1,1,1,1,1,1,1,1,1,1,1,1,1,1,1,1,24.171,1,1,1,1,1,1,1,1,1,8.5628,1,1,1,1,1,1,1,1
1,1,1,1,1,1,1,1,1,1,1,2.4061,1,1,1,1,1,1,1,1,1,1,1,1,1,1,1,1,1,1,1,1,1,1,1,1,1,1.8839,1,1,1,1,1,1,1,1,1,1,1,1,1,1,1,1,1,1,1,1,1,1,1,1,1,1,1,1,1,1,1,1,1,1,1,1,1,1,1,1,1,1,1,24.171,1,1,1,1,1,1,1,1,1,8.5628,1,1,1,1,1,1,1,1
1,1,1,1,1,1,1,1,1,1,1,1,1,1,1,1,1,1,1,1,1,1,1,1,1,1,1,1,1,1,1,1,1,1,1,1,1,1.8839,1,1,1,1,1,1,1,1,1,1,1,1,1,1,1,1,1,1,1,1,1,1,1,1,1,1,1,1,1,1,1,1,1,1,1,1,1,1,1,1,1,1,1,1,1,1,1,1,1,1,1,1,1,8.5628,1,1,1,1,1,1,1,1
1,1,1,1,1,1,1,1,1,1,1,1,1,1,1,1,1,1,1,1,1,1,1,1,1,1,1,1,1,1,1,1,1,1,1,1,1,1.8839,1,1,1,1,1,1,1,1,1,1,1,1,1,1,1,1,1,1,1,1,1,1,1,1,1,1,1,1,1,1,1,1,1,1,1,1,1,1,1,1,1,1,1,1,1,1,1,1,1,1,1,1,1,8.5628,1,1,1,1,1,1,1,1
1,1,1,1,1,1,1,1,1,1,1,1,1,1,1,1,1,1,1,1,1,1,1,1,1,1,1,1,1,1,1,1,1,1,1,1,1,1.8839,1,1,1,1,1,1,1,1,1,1,1,1,1,1,1,1,1,1,1,1,1,1,1,1,1,1,1,1,1,1,1,1,1,1,1,1,1,1,1,1,1,1,1,1,1,1,1,1,1,1,1,1,1,1,1,1,1,1,1,1,1,1
1,1,1,1,1,1,1,1,1,1,1,1,1,1,1,1,1,1,1,1,1,1,1,1,1,1,1,1,1,1,1,1,1,1,1,1,1,1,1,1,1,1,1,1,1,1,1,1,1,1,1,1,1,1,1,1,1,1,1,1,1,1,1,1,1,1,1,1,1,1,1,1,1,1,1,1,1,1,1,1,1,1,1,1,1,1,1,1,1,1,1,1,1,1,1,1,1,1,1,1
