7.3333,1.3333,1.3333
7.3333,1.3333,1.3333
7.3333,1.3333,1.3333
7.3333,1.3333,1.3333
7.3333,1.3333,1.3333
7.3333,1.3333,1.3333
7.3333,1.3333,1.3333
7.3333,1,1.3333
7.3333,1,1.3333
7.3333,1,1.3333
7.3333,1,1.3333
7.3333,1,1.3333
7.3333,1,1.3333
7.3333,1,1.3333
7.3333,1,1.3333
7.3333,1,1.3333
7.3333,1,1.3333
7.3333,1,1.3333
7.3333,1,1.3333
7.3333,1,1.3333
7.3333,1,1.3333
7.3333,1,1.3333
7.3333,1,1.3333
7.3333,1,1.3333
7.3333,1,1.3333
7.3333,1,1.3333
7.3333,1,1.3333
7.3333,1,1.3333
7.3333,1,1.3333
7.3333,1,1.3333
7.3333,1,1.3333
7.3333,1,1.3333
7.3333,1,1.3333
7.3333,1,1.3333
7.3333,1,1.3333
7.3333,1,1.3333
7.3333,1,1.3333
7.3333,1,1.3333
7.3333,1,1.3333
7.3333,1,1.3333
7.3333,1,1.3333
7.3333,1,1.3333
7.3333,1,1.3333
7.3333,1,1.3333
7.3333,1,1.3333
7.3333,1,1.3333
7.3333,1,1.3333
7.3333,1,1.3333
7.3333,1,1.3333
7.3333,1,1.3333
7.3333,1,1.3333
7.3333,1,1.3333
7.3333,1,1.3333
7.3333,1,1.3333
7.3333,1,1.3333
7.3333,1,1.3333
7.3333,1,1.3333
7.3333,1,1.3333
7.3333,1,1.3333
7.3333,1,1.3333
7.3333,1,1.3333
7.3333,1,1.3333
7.3333,1,1.3333
7.3333,1,1.3333
7.3333,1,1.3333
7.3333,1,1.3333
7.3333,1,1.3333
7.3333,1,1.3333
7.3333,1,1.3333
7.3333,1,1.3333
7.3333,1,1.3333
7.3333,1,1.3333
7.3333,1,1.3333
7.3333,1,1.3333
7.3333,1,1.3333
7.3333,1,1.3333
7.3333,1,1.3333
7.3333,1,1.3333
7.3333,1,1.3333
7.3333,1,1.3333
7.3333,1,1.3333
7.3333,1,1.3333
7.3333,1,1.3333
7.3333,1,1.3333
7.3333,1,1.3333
7.3333,1,1.3333
7.3333,1,1.3333
7.3333,1,1.3333
1,1,1.3333
1,1,1.3333
1,1,1.3333
1,1,1.3333
1,1,1.3333
1,1,1.3333
1,1,1
1,1,1
1,1,1
1,1,1
1,1,1
1,1,1
1,1,1
