11948,0,329,1938,0.00023193,2.2536e+08,438,5142,-2.5357e-08,6.4194e-06,6.4212e-06
11948,0,329,9490,0.00023193,3.2621e+07,438,1024,2.0242e-06,0.00051244,0.00054474
11948,0,329,3718,0.00023193,2.7166e+07,438,1974,-1.264e-06,0.00031998,0.0003566
11948,0,329,6314,0.00023193,3.8767e+06,438,852,2.3072e-06,0.00058409,0.00053482
11948,0,329,1979,0.00023193,2.0989e+08,438,12260,-5.8593e-08,1.4833e-05,1.4833e-05
11948,1,329,7190,0.00023193,1.1039e+09,438,43800,-5.1606e-09,1.3064e-06,1.3065e-06
11948,0,329,3141,0.00023193,1.2982e+07,438,1032,-4.9665e-07,0.00012573,0.00012543
11948,0,329,7811,0.00023193,47.185,438,443,5.2899e-05,0.013392,0.013171
11948,0,329,8230,0.00023193,3.6783e+06,438,810,-1.7875e-07,4.5251e-05,4.5253e-05
11948,0,329,8933,0.00023193,2.5634e+06,438,746,2.5828e-07,6.5386e-05,6.5601e-05
11948,0,329,5379,0.00023193,4.4557e+06,438,879,1.1049e-05,0.0027972,0.0035253
11948,0,329,1001,0.00023193,9.43e+06,438,1138,-9.5129e-07,0.00024082,0.00023901
11948,0,329,2734,0.00023193,5.8655e+08,438,21537,1.1883e-07,3.0081e-05,3.0091e-05
11948,0,329,10901,0.00023193,4.6865e+07,438,3825,1.6635e-07,4.2112e-05,4.2223e-05
11948,0,329,1819,0.00023193,4.7097e+07,438,2750,-4.9294e-06,0.0012479,0.0012576
11948,1,329,9855,0.00023193,1.7593e+09,438,43800,1.6296e-07,4.1255e-05,4.1251e-05
11948,0,329,6424,0.00023193,93032,438,447,-4.0558e-07,0.00010268,0.00010269
11948,0,329,11885,0.00023193,8.5563e+07,438,8008,5.9074e-08,1.4955e-05,1.4953e-05
11948,0,329,933,0.00023193,1.3695e+07,438,1266,4.1488e-07,0.00010503,0.00010546
11948,0,329,5281,0.00023193,6.9024e+07,438,751,1.8032e-05,0.004565,0.0065969
11948,0,329,1273,0.00023193,2.2961e+09,438,33765,3.3041e-08,8.3644e-06,8.3618e-06
11948,0,329,11473,0.00023193,6.1309e+08,438,39030,1.1806e-08,2.9889e-06,2.9887e-06
11948,0,329,56,0.00023193,6.7561e+05,438,593,-2.0477e-08,5.1838e-06,5.1837e-06
11948,0,329,9241,0.00023193,2.6184e+07,438,3085,1.129e-06,0.00028582,0.00028581
11948,0,329,9746,0.00023193,6.8722e+07,438,3552,-6.8468e-07,0.00017333,0.00017465
11948,1,329,10358,0.00023193,2.8114e+09,438,43800,9.008e-09,2.2804e-06,2.2802e-06
11948,0,329,1007,0.00023193,6.5739e+06,438,1002,-8.6467e-07,0.0002189,0.00021824
11948,1,329,4766,0.00023193,7.109e+09,438,43800,-9.5672e-09,2.422e-06,2.422e-06
11948,0,329,3098,0.00023193,4.8829e+07,438,3891,7.9641e-08,2.0162e-05,2.0161e-05
11948,0,329,9537,0.00023193,1.1535e+07,438,759,1.2637e-06,0.0003199,0.00031921
11948,0,329,5142,0.00023193,4.3663e+07,438,3725,1.6585e-06,0.00041986,0.00041909
11948,0,329,10853,0.00023193,3.1228e+07,438,2486,1.343e-07,3.3999e-05,3.4101e-05
11948,0,329,2167,0.00023193,1.8765e+06,438,683,5.0316e-06,0.0012738,0.0012672
11948,0,329,3144,0.00023193,3.5672e+05,438,519,-3.6543e-08,9.2511e-06,9.2476e-06
11948,0,329,1734,0.00023193,5.365e+06,438,938,7.302e-06,0.0018486,0.0019897
11948,0,329,1621,0.00023193,1.2675e+08,438,8028,-4.7387e-09,1.1996e-06,1.1996e-06
11948,0,329,10356,0.00023193,4.257e+08,438,22742,1.1322e-07,2.8664e-05,2.8665e-05
11948,1,329,6905,0.00023193,3.3778e+08,438,43800,8.6197e-08,2.1821e-05,2.1821e-05
11948,0,329,6549,0.00023193,4.8162e+06,438,906,2.5088e-06,0.00063511,0.00068871
11948,0,329,1727,0.00023193,1.8197e+07,438,1500,-2.3334e-06,0.00059072,0.00060761
11948,0,329,10158,0.00023193,3.5435e+06,438,757,-3.1676e-06,0.00080188,0.00074364
11948,0,329,7407,0.00023193,1.289e+07,438,1290,-1.5707e-06,0.00039763,0.00040728
11948,0,329,4179,0.00023193,2.8581e+08,438,11885,7.8895e-08,1.9973e-05,1.9973e-05
11948,0,329,6111,0.00023193,2.6193e+07,438,2175,-5.0187e-07,0.00012705,0.00012688
11948,1,329,4784,0.00023193,1.4229e+09,438,43800,-1.517e-08,3.8403e-06,3.8393e-06
11948,0,329,905,0.00023193,1.416e+07,438,1271,1.2431e-06,0.00031469,0.0003225
11948,0,329,2856,0.00023193,4.8047e+07,438,2743,2.3819e-06,0.000603,0.00062019
11948,0,329,1468,0.00023193,1.3354e+05,438,448,2.1e-07,5.3163e-05,5.3159e-05
11948,0,329,2189,0.00023193,3.1518e+07,438,2128,1.8778e-07,4.7538e-05,4.5594e-05
11948,0,329,11902,0.00023193,5.1573e+05,438,542,-1.1205e-07,2.8365e-05,2.8364e-05
11948,0,329,4965,0.00023193,8.3077e+07,438,1353,2.0278e-07,5.1335e-05,5.1766e-05
11948,0,329,591,0.00023193,5.9472e+06,438,970,5.9832e-06,0.0015147,0.0015787
11948,0,329,10739,0.00023193,2.3351e+07,438,573,2.8373e-06,0.00071827,0.00072069
11948,0,329,11239,0.00023193,8.3602e+07,438,5041,5.7714e-07,0.00014611,0.00015161
11948,1,329,5839,0.00023193,1.941e+09,438,43800,-1.4327e-07,3.6271e-05,3.6268e-05
11948,1,329,5819,0.00023193,1.0135e+09,438,43800,5.5485e-08,1.4046e-05,1.4048e-05
11948,0,329,4017,0.00023193,40.133,438,444,-2.9801e-05,0.0075442,0.0078814
11948,0,329,10703,0.00023193,1,438,445,-1.8142e-08,4.5927e-06,4.5927e-06
11948,0,329,4391,0.00023193,4.9618e+06,438,648,2.9156e-06,0.00073809,0.00073524
11948,0,329,1323,0.00023193,4.5794e+07,438,731,1.2023e-06,0.00030436,0.00037627
11948,0,329,9276,0.00023193,2.4455e+06,438,445,-3.2339e-05,0.0081867,0.0075573
11948,0,329,4633,0.00023193,1.0334e+07,438,691,8.5683e-06,0.0021691,0.002122
11948,0,329,2873,0.00023193,9.4593e+06,438,698,8.6427e-06,0.0021879,0.0022498
11948,0,329,4801,0.00023193,3.7125e+06,438,836,3.9659e-07,0.0001004,0.00010016
11948,0,329,1147,0.00023193,2.7433e+08,438,26814,1.2398e-07,3.1386e-05,3.1382e-05
11948,0,329,1569,0.00023193,1,438,445,-1.8142e-08,4.5927e-06,4.5927e-06
11948,1,329,11194,0.00023193,1.1815e+09,438,43800,-7.4109e-08,1.8761e-05,1.8762e-05
11948,0,329,11360,0.00023193,1,438,445,-1.8142e-08,4.5927e-06,4.5927e-06
11948,1,329,6834,0.00023193,1.192e+09,438,43800,-1.659e-10,4.2e-08,4.1999e-08
11948,0,329,711,0.00023193,6.3601e+06,438,1014,-9.9942e-07,0.00025301,0.00025161
11948,0,329,2789,0.00023193,9.2706e+06,438,689,1.0603e-05,0.0026841,0.0026505
11948,0,329,4195,0.00023193,2.2276e+09,438,31589,-7.3509e-08,1.8609e-05,1.861e-05
11948,0,329,9753,0.00023193,2.9006e+08,438,18029,-3.0086e-08,7.6165e-06,7.6166e-06
11948,0,329,183,0.00023193,3.0681e+06,438,676,2.0317e-06,0.00051434,0.00051699
11948,0,329,511,0.00023193,1,438,445,-1.8142e-08,4.5927e-06,4.5927e-06
11948,0,329,2007,0.00023193,3.2531e+08,438,16549,9.707e-08,2.4574e-05,2.4575e-05
11948,0,329,7707,0.00023193,3.3272e+08,438,12824,-6.3854e-08,1.6165e-05,1.6167e-05
11948,0,329,8687,0.00023193,9.4199e+06,438,714,2.5034e-07,6.3374e-05,6.415e-05
11948,0,329,7689,0.00023193,1.891e+07,438,1676,-1.3038e-07,3.3006e-05,3.3011e-05
11948,0,329,5353,0.00023193,7.5608e+07,438,1314,7.6974e-06,0.0019486,0.0019394
11948,0,329,6492,0.00023193,5.6039e+05,438,432,1.5628e-05,0.0039564,0.005245
11948,1,329,3517,0.00023193,4.7329e+09,438,43800,5.853e-08,1.4817e-05,1.4817e-05
11948,0,329,8837,0.00023193,2.1186e+05,438,509,-2.6078e-07,6.6018e-05,6.6012e-05
11948,0,329,2242,0.00023193,2.791e+08,438,11695,2.2734e-08,5.7551e-06,5.756e-06
11948,0,329,8148,0.00023193,9.6318e+05,438,572,-1.5013e-07,3.8006e-05,3.8003e-05
11948,0,329,2177,0.00023193,3.0748e+07,438,2386,7.491e-07,0.00018964,0.00018226
11948,0,329,4371,0.00023193,2.5319e+06,438,729,6.3888e-07,0.00016174,0.00016165
11948,1,329,7421,0.00023193,4.4064e+08,438,43800,7.9982e-08,2.0248e-05,2.0248e-05
11948,0,329,9254,0.00023193,3.7505e+07,438,2226,-9.1865e-07,0.00023256,0.0002327
11948,0,329,963,0.00023193,2.7086e+07,438,960,2.1707e-06,0.00054951,0.0005714
11948,0,329,11021,0.00023193,1,438,445,-1.8142e-08,4.5927e-06,4.5927e-06
11948,0,329,9198,0.00023193,1,438,445,-1.8142e-08,4.5927e-06,4.5927e-06
11948,0,329,5772,0.00023193,5.7083e+05,438,540,9.8266e-08,2.4877e-05,2.4879e-05
11948,1,329,5168,0.00023193,1.1533e+09,438,43800,-1.6663e-07,4.2183e-05,4.218e-05
11948,0,329,5297,0.00023193,6.7988e+06,438,838,9.3431e-06,0.0023653,0.0023582
11948,0,329,3632,0.00023193,1.3368e+07,438,536,4.4863e-07,0.00011357,0.00011276
11948,0,329,6027,0.00023193,4.5713e+07,438,2890,4.6679e-07,0.00011817,0.00011798
11948,0,329,6054,0.00023193,1,438,445,-1.8142e-08,4.5927e-06,4.5927e-06
11948,1,329,9689,0.00023193,2.7322e+09,438,43800,6.8311e-08,1.7293e-05,1.7294e-05
11948,0,329,9418,0.00023193,5.5989e+07,438,3468,1.6175e-06,0.00040948,0.00042851
