13681,0,171,1231,8.5661e-05,528.57,342,448,7.9779e-05,0.00018361,0.00018386
13681,0,171,1529,8.5661e-05,32169,342,23306,7.9779e-05,4.4768e-07,4.477e-07
13681,0,171,1865,8.5661e-05,27699,342,14422,7.9779e-05,2.0074e-06,2.0074e-06
13681,0,171,9283,8.5661e-05,528.57,342,447,7.9779e-05,5.8048e-05,5.8215e-05
13681,1,171,6773,8.5661e-05,41335,342,34200,7.9779e-05,2.9408e-06,2.9407e-06
13681,0,171,2595,8.5661e-05,42.274,342,344,7.9779e-05,0.00028477,0.00027268
13681,0,171,6770,8.5661e-05,7.0376,342,334,7.9779e-05,0.002076,0.0022913
13681,0,171,2019,8.5661e-05,65.192,342,362,7.9779e-05,0.00068103,0.00066965
13681,0,171,752,8.5661e-05,32.251,342,338,7.9779e-05,0.0050965,0.0049011
13681,0,171,11631,8.5661e-05,46.871,342,365,7.9779e-05,0.00037505,0.00037637
13681,0,171,7664,8.5661e-05,37.308,342,340,7.9779e-05,0.00026884,0.00026091
13681,0,171,12708,8.5661e-05,18798,342,12731,7.9779e-05,7.2652e-06,7.2645e-06
13681,0,171,9523,8.5661e-05,528.57,342,446,7.9779e-05,0.00012655,0.0001268
13681,0,171,7966,8.5661e-05,376.92,342,789,7.9779e-05,7.9986e-06,7.999e-06
13681,0,171,11145,8.5661e-05,37.308,342,340,7.9779e-05,0.00037578,0.00035783
13681,0,171,12013,8.5661e-05,528.57,342,447,7.9779e-05,2.3719e-05,2.3749e-05
13681,0,171,13514,8.5661e-05,11.703,342,341,7.9779e-05,0.0030505,0.0030368
13681,0,171,8,8.5661e-05,4.5028,342,334,7.9779e-05,0.0020281,0.0020907
13681,0,171,11825,8.5661e-05,26052,342,9214,7.9779e-05,6.6809e-06,6.6812e-06
13681,0,171,8369,8.5661e-05,32169,342,21587,7.9779e-05,3.8279e-07,3.8281e-07
13681,0,171,13524,8.5661e-05,4362.9,342,1226,7.9779e-05,1.1415e-05,1.1415e-05
13681,0,171,7209,8.5661e-05,102.17,342,414,7.9779e-05,0.00052719,0.00051985
13681,0,171,6550,8.5661e-05,376.92,342,788,7.9779e-05,1.096e-05,1.0949e-05
13681,0,171,10945,8.5661e-05,482.67,342,443,7.9779e-05,0.00011397,0.0001141
13681,0,171,3112,8.5661e-05,376.92,342,787,7.9779e-05,3.7108e-05,3.71e-05
13681,0,171,6802,8.5661e-05,376.92,342,788,7.9779e-05,3.2442e-05,3.2431e-05
13681,0,171,12302,8.5661e-05,65.192,342,371,7.9779e-05,0.00028503,0.00028983
13681,0,171,7847,8.5661e-05,37813,342,27674,7.9779e-05,1.208e-06,1.208e-06
13681,0,171,11540,8.5661e-05,86.788,342,394,7.9779e-05,0.00079954,0.00082017
13681,0,171,10084,8.5661e-05,376.92,342,788,7.9779e-05,1.0869e-06,1.0868e-06
13681,0,171,8000,8.5661e-05,51.867,342,358,7.9779e-05,0.00016202,0.0001573
13681,0,171,3368,8.5661e-05,103.3,342,407,7.9779e-05,0.00082043,0.00080893
13681,0,171,9096,8.5661e-05,34715,342,14559,7.9779e-05,6.385e-07,6.3853e-07
13681,0,171,1140,8.5661e-05,18340,342,8987,7.9779e-05,1.7231e-05,1.7233e-05
13681,0,171,8543,8.5661e-05,30762,342,13775,7.9779e-05,2.3354e-06,2.3354e-06
13681,0,171,9020,8.5661e-05,86.788,342,393,7.9779e-05,0.00014404,0.00014568
13681,0,171,9958,8.5661e-05,376.92,342,788,7.9779e-05,1.1284e-05,1.1283e-05
13681,0,171,12154,8.5661e-05,376.92,342,793,7.9779e-05,2.2229e-05,2.2228e-05
13681,0,171,13402,8.5661e-05,376.92,342,789,7.9779e-05,1.4373e-05,1.4382e-05
13681,0,171,10492,8.5661e-05,373.69,342,788,7.9779e-05,2.5099e-05,2.5098e-05
13681,0,171,7932,8.5661e-05,18798,342,7071,7.9779e-05,3.2134e-06,3.2135e-06
13681,0,171,12663,8.5661e-05,92.189,342,402,7.9779e-05,0.00040574,0.00040569
13681,0,171,7912,8.5661e-05,376.92,342,790,7.9779e-05,2.6803e-05,2.6801e-05
13681,0,171,232,8.5661e-05,373.69,342,787,7.9779e-05,3.5094e-05,3.5093e-05
13681,1,171,1649,8.5661e-05,30762,342,34200,7.9779e-05,1.9024e-06,1.9022e-06
13681,0,171,11764,8.5661e-05,376.92,342,792,7.9779e-05,1.4454e-05,1.4455e-05
13681,0,171,6604,8.5661e-05,376.92,342,790,7.9779e-05,1.6998e-05,1.6994e-05
13681,0,171,11519,8.5661e-05,22001,342,8763,7.9779e-05,6.4506e-06,6.4501e-06
13681,0,171,2855,8.5661e-05,10467,342,2642,7.9779e-05,2.1627e-05,2.1624e-05
13681,0,171,7529,8.5661e-05,38411,342,32476,7.9779e-05,7.625e-06,7.6248e-06
13681,0,171,8586,8.5661e-05,29271,342,20076,7.9779e-05,7.2867e-07,7.2856e-07
13681,0,171,437,8.5661e-05,40882,342,26344,7.9779e-05,2.9728e-06,2.9728e-06
13681,0,171,8378,8.5661e-05,65.192,342,371,7.9779e-05,0.0001026,0.00010067
13681,0,171,4939,8.5661e-05,528.57,342,446,7.9779e-05,0.00011493,0.00011512
13681,0,171,675,8.5661e-05,99.923,342,408,7.9779e-05,0.00021259,0.00021152
13681,0,171,6671,8.5661e-05,41165,342,23258,7.9779e-05,5.8473e-06,5.8472e-06
13681,0,171,2623,8.5661e-05,482.67,342,444,7.9779e-05,6.3804e-05,6.3779e-05
13681,0,171,1677,8.5661e-05,76.931,342,383,7.9779e-05,0.00014296,0.00014386
13681,0,171,2800,8.5661e-05,376.92,342,786,7.9779e-05,4.0822e-05,4.0823e-05
13681,0,171,1996,8.5661e-05,376.92,342,788,7.9779e-05,4.9325e-06,4.933e-06
13681,0,171,2576,8.5661e-05,94.516,342,404,7.9779e-05,0.0005419,0.00055998
13681,0,171,581,8.5661e-05,39981,342,18890,7.9779e-05,5.934e-06,5.9343e-06
13681,0,171,8651,8.5661e-05,29271,342,11750,7.9779e-05,3.463e-06,3.463e-06
13681,0,171,3839,8.5661e-05,6499,342,1526,7.9779e-05,2.4894e-05,2.4893e-05
13681,0,171,7335,8.5661e-05,101.18,342,418,7.9779e-05,0.00012518,0.00012398
13681,0,171,9466,8.5661e-05,373.69,342,788,7.9779e-05,1.0125e-05,1.0126e-05
13681,0,171,6796,8.5661e-05,376.92,342,790,7.9779e-05,1.1991e-05,1.1988e-05
13681,1,171,7295,8.5661e-05,39885,342,34200,7.9779e-05,5.6486e-06,5.6484e-06
13681,0,171,6061,8.5661e-05,528.57,342,446,7.9779e-05,3.1569e-05,3.1577e-05
13681,0,171,1687,8.5661e-05,528.57,342,449,7.9779e-05,8.408e-05,8.423e-05
13681,0,171,6675,8.5661e-05,102.88,342,408,7.9779e-05,0.0013246,0.0012988
13681,0,171,11610,8.5661e-05,34715,342,31138,7.9779e-05,2.0088e-07,2.0087e-07
13681,0,171,11894,8.5661e-05,76.931,342,381,7.9779e-05,0.00132,0.0013943
13681,0,171,3679,8.5661e-05,528.57,342,444,7.9779e-05,0.00010886,0.00010903
13681,0,171,2837,8.5661e-05,12802,342,5359,7.9779e-05,5.1482e-06,5.1473e-06
13681,0,171,7688,8.5661e-05,37.308,342,341,7.9779e-05,0.0017728,0.0017014
13681,0,171,8712,8.5661e-05,30762,342,29887,7.9779e-05,2.1683e-06,2.1684e-06
13681,0,171,5674,8.5661e-05,376.92,342,788,7.9779e-05,5.6691e-07,5.6697e-07
13681,0,171,2802,8.5661e-05,39366,342,20495,7.9779e-05,1.2189e-06,1.2189e-06
13681,0,171,12894,8.5661e-05,14843,342,4109,7.9779e-05,9.5936e-06,9.5912e-06
13681,0,171,1117,8.5661e-05,528.57,342,449,7.9779e-05,0.00023049,0.00023083
13681,0,171,1438,8.5661e-05,376.92,342,792,7.9779e-05,3.4353e-06,3.4354e-06
13681,0,171,1932,8.5661e-05,30762,342,15002,7.9779e-05,1.7063e-06,1.7062e-06
13681,0,171,2264,8.5661e-05,86.788,342,394,7.9779e-05,0.00028795,0.00029133
13681,0,171,8444,8.5661e-05,69.296,342,375,7.9779e-05,0.00042441,0.00042267
13681,0,171,7801,8.5661e-05,528.57,342,446,7.9779e-05,0.00014921,0.00014954
13681,0,171,708,8.5661e-05,12802,342,5012,7.9779e-05,1.002e-05,1.0017e-05
13681,0,171,12659,8.5661e-05,35986,342,13607,7.9779e-05,4.8761e-06,4.8762e-06
13681,0,171,9905,8.5661e-05,8623.5,342,2229,7.9779e-05,2.5898e-05,2.5909e-05
13681,0,171,10029,8.5661e-05,12.94,342,344,7.9779e-05,0.0004566,0.00046556
13681,0,171,862,8.5661e-05,376.92,342,788,7.9779e-05,2.4736e-05,2.474e-05
13681,0,171,11694,8.5661e-05,33488,342,12383,7.9779e-05,6.967e-06,6.9669e-06
13681,0,171,12698,8.5661e-05,47.132,342,347,7.9779e-05,0.00015978,0.00015854
13681,0,171,13377,8.5661e-05,102.17,342,420,7.9779e-05,0.0013492,0.0013058
13681,0,171,11671,8.5661e-05,528.57,342,447,7.9779e-05,1.0049e-05,1.0071e-05
13681,0,171,10673,8.5661e-05,6499,342,1494,7.9779e-05,1.6316e-06,1.6317e-06
13681,0,171,6975,8.5661e-05,103.3,342,408,7.9779e-05,0.00064058,0.00063528
13681,0,171,2413,8.5661e-05,528.57,342,448,7.9779e-05,0.00010693,0.00010688
13681,0,171,5415,8.5661e-05,80.439,342,385,7.9779e-05,0.0019629,0.0021051
13681,0,171,1820,8.5661e-05,56.333,342,379,7.9779e-05,0.00046651,0.00046397
