23052,0,1305,21571,8.1943e-05,34335,2610,29125,0.00010459,0.00051374,0.00051455
23052,1,1305,10555,8.1943e-05,4.5567e+06,2610,2.61e+05,0.00010459,4.3319e-05,4.0454e-05
23052,0,1305,5544,8.1943e-05,1.6892e+05,2610,77176,0.00010459,9.4146e-05,9.3013e-05
23052,1,1305,17608,8.1943e-05,1.2029e+06,2610,2.61e+05,0.00010459,0.000162,0.00016323
23052,1,1305,17501,8.1943e-05,2.3743e+06,2610,2.61e+05,0.00010459,1.7048e-05,1.706e-05
23052,1,1305,17070,8.1943e-05,7.2029e+06,2610,2.61e+05,0.00010459,2.8584e-05,2.8494e-05
23052,1,1305,17140,8.1943e-05,4.7171e+06,2610,2.61e+05,0.00010459,8.416e-06,8.4101e-06
23052,1,1305,2441,8.1943e-05,1.2623e+05,2610,2.61e+05,0.00010459,0.00049186,0.0004992
23052,0,1305,15706,8.1943e-05,2.4644e+05,2610,1.1841e+05,0.00010459,0.00029285,0.00029463
23052,1,1305,10675,8.1943e-05,1.3459e+06,2610,2.61e+05,0.00010459,0.00054567,0.00056203
23052,1,1305,4889,8.1943e-05,3.6633e+06,2610,2.61e+05,0.00010459,5.0139e-06,5.1788e-06
23052,0,1305,2270,8.1943e-05,11942,2610,6280,0.00010459,0.0099202,0.010576
23052,1,1305,18976,8.1943e-05,2.6851e+07,2610,2.61e+05,0.00010459,2.7929e-05,2.9116e-05
23052,0,1305,4033,8.1943e-05,1.0854e+05,2610,1.2141e+05,0.00010459,4.6995e-05,4.6743e-05
23052,0,1305,3769,8.1943e-05,74023,2610,74614,0.00010459,0.00041539,0.00041197
23052,1,1305,15343,8.1943e-05,3.885e+06,2610,2.61e+05,0.00010459,1.5281e-05,1.5276e-05
23052,1,1305,20604,8.1943e-05,1.2132e+07,2610,2.61e+05,0.00010459,0.00011622,0.00010918
23052,1,1305,11899,8.1943e-05,2.1757e+06,2610,2.61e+05,0.00010459,0.00037449,0.00041484
23052,1,1305,16187,8.1943e-05,9.1371e+05,2610,2.61e+05,0.00010459,0.00019616,0.00018182
23052,0,1305,3538,8.1943e-05,65383,2610,44157,0.00010459,0.00019867,0.00019675
23052,1,1305,21961,8.1943e-05,1.3421e+07,2610,2.61e+05,0.00010459,0.0001756,0.00017715
23052,0,1305,12458,8.1943e-05,1.1043e+05,2610,52919,0.00010459,0.00053485,0.00052806
23052,1,1305,15655,8.1943e-05,7.8464e+06,2610,2.61e+05,0.00010459,5.0929e-06,5.1314e-06
23052,1,1305,843,8.1943e-05,7.178e+05,2610,2.61e+05,0.00010459,9.2346e-05,9.2934e-05
23052,1,1305,18635,8.1943e-05,1.1465e+07,2610,2.61e+05,0.00010459,0.00024064,0.00027156
23052,1,1305,17239,8.1943e-05,8.5576e+05,2610,2.61e+05,0.00010459,0.00023899,0.00024155
23052,0,1305,2768,8.1943e-05,15615,2610,19440,0.00010459,0.00023803,0.00023737
23052,0,1305,12090,8.1943e-05,1.438e+05,2610,1.0188e+05,0.00010459,9.2596e-05,9.2544e-05
23052,1,1305,7502,8.1943e-05,7.8691e+06,2610,2.61e+05,0.00010459,0.00028435,0.00029468
23052,0,1305,12581,8.1943e-05,1.1797e+05,2610,58603,0.00010459,0.00031665,0.00032034
23052,0,1305,9184,8.1943e-05,1.5524e+05,2610,58293,0.00010459,5.2527e-05,5.2021e-05
23052,0,1305,9556,8.1943e-05,2.4407e+05,2610,96343,0.00010459,0.00052302,0.00052465
23052,0,1305,4161,8.1943e-05,1.3307e+05,2610,44820,0.00010459,0.00027852,0.00028038
23052,0,1305,5879,8.1943e-05,1.5774e+05,2610,77921,0.00010459,6.0771e-05,6.0669e-05
23052,0,1305,473,8.1943e-05,1.7538e+05,2610,1.2371e+05,0.00010459,0.00024729,0.00024635
23052,0,1305,21261,8.1943e-05,34271,2610,29332,0.00010459,0.00020385,0.00020436
23052,1,1305,15046,8.1943e-05,1.6785e+05,2610,2.61e+05,0.00010459,9.5766e-05,9.1823e-05
23052,0,1305,21465,8.1943e-05,9738.3,2610,4917,0.00010459,0.014976,0.0037788
23052,0,1305,3764,8.1943e-05,72121,2610,42174,0.00010459,4.8717e-05,4.8323e-05
23052,1,1305,21198,8.1943e-05,4.46e+06,2610,2.61e+05,0.00010459,1.1659e-05,1.1653e-05
23052,1,1305,18287,8.1943e-05,8.1445e+05,2610,2.61e+05,0.00010459,4.6004e-05,4.4749e-05
23052,0,1305,13287,8.1943e-05,74609,2610,67055,0.00010459,2.184e-05,2.5628e-05
23052,0,1305,10126,8.1943e-05,1.4935e+05,2610,82735,0.00010459,0.00015537,0.00015673
23052,1,1305,5928,8.1943e-05,5.6123e+06,2610,2.61e+05,0.00010459,2.0615e-05,2.0935e-05
23052,0,1305,17301,8.1943e-05,1.4538e+05,2610,1.0736e+05,0.00010459,0.00027656,0.00027999
23052,1,1305,5261,8.1943e-05,3.0106e+06,2610,2.61e+05,0.00010459,4.6444e-05,4.5284e-05
23052,1,1305,1477,8.1943e-05,1.0818e+06,2610,2.61e+05,0.00010459,9.7339e-05,9.841e-05
23052,1,1305,17653,8.1943e-05,5.9698e+05,2610,2.61e+05,0.00010459,0.00014983,0.00014887
23052,1,1305,15441,8.1943e-05,5.7334e+05,2610,2.61e+05,0.00010459,0.00033127,0.00032219
23052,1,1305,16453,8.1943e-05,4.7867e+06,2610,2.61e+05,0.00010459,0.00017348,0.00017378
23052,0,1305,14769,8.1943e-05,1.2977e+05,2610,1.3451e+05,0.00010459,0.00011521,0.00011569
23052,1,1305,9639,8.1943e-05,2.0475e+05,2610,2.61e+05,0.00010459,0.00085213,0.00090832
23052,1,1305,8988,8.1943e-05,6.1443e+06,2610,2.61e+05,0.00010459,8.9072e-05,8.8039e-05
23052,1,1305,18771,8.1943e-05,9.8151e+06,2610,2.61e+05,0.00010459,9.5622e-05,8.8474e-05
23052,1,1305,7301,8.1943e-05,1.2095e+06,2610,2.61e+05,0.00010459,0.00011236,0.0001232
23052,1,1305,18732,8.1943e-05,1.9142e+07,2610,2.61e+05,0.00010459,0.00021802,0.00023333
23052,1,1305,18146,8.1943e-05,1.1739e+07,2610,2.61e+05,0.00010459,0.00027856,0.00024869
23052,1,1305,19598,8.1943e-05,1.5372e+06,2610,2.61e+05,0.00010459,0.00010989,0.0001073
23052,1,1305,11627,8.1943e-05,5.3273e+06,2610,2.61e+05,0.00010459,0.00051446,0.00057602
23052,1,1305,14616,8.1943e-05,3.5802e+06,2610,2.61e+05,0.00010459,0.00022818,0.00022297
23052,0,1305,21863,8.1943e-05,27078,2610,27716,0.00010459,7.6649e-05,7.6642e-05
23052,0,1305,10208,8.1943e-05,3.0388e+05,2610,1.5676e+05,0.00010459,0.00026021,0.00026379
23052,1,1305,1380,8.1943e-05,9.6356e+06,2610,2.61e+05,0.00010459,0.0003067,0.00032691
23052,1,1305,19926,8.1943e-05,8.622e+06,2610,2.61e+05,0.00010459,0.00017462,0.00017278
23052,1,1305,14510,8.1943e-05,3.1243e+06,2610,2.61e+05,0.00010459,0.00013313,0.0001323
23052,0,1305,8163,8.1943e-05,4.0825e+05,2610,1.5686e+05,0.00010459,0.00073629,0.00066153
23052,0,1305,22918,8.1943e-05,1.013e+05,2610,85954,0.00010459,0.00012288,0.00012145
23052,0,1305,5153,8.1943e-05,1.687e+05,2610,79752,0.00010459,2.938e-05,2.9731e-05
23052,1,1305,14996,8.1943e-05,1.3427e+07,2610,2.61e+05,0.00010459,0.00016665,0.00015911
23052,0,1305,13905,8.1943e-05,43740,2610,30298,0.00010459,2.7582e-05,2.7252e-05
23052,1,1305,8900,8.1943e-05,3.5259e+06,2610,2.61e+05,0.00010459,0.00053919,0.00060988
23052,0,1305,3268,8.1943e-05,77993,2610,60862,0.00010459,0.00069716,0.00069079
23052,1,1305,578,8.1943e-05,3.2363e+06,2610,2.61e+05,0.00010459,8.9088e-05,8.9194e-05
23052,0,1305,9677,8.1943e-05,2.635e+05,2610,46867,0.00010459,0.00074325,0.00073196
23052,0,1305,4231,8.1943e-05,1.041e+05,2610,2.3968e+05,0.00010459,1.6061e-05,2.5287e-05
23052,1,1305,16677,8.1943e-05,8.3991e+06,2610,2.61e+05,0.00010459,2.6374e-05,2.6952e-05
23052,1,1305,8510,8.1943e-05,4.3401e+06,2610,2.61e+05,0.00010459,0.00047916,0.00052837
23052,0,1305,19335,8.1943e-05,6.3641e+05,2610,1.8605e+05,0.00010459,0.00019048,0.00019163
23052,0,1305,16869,8.1943e-05,1.7181e+05,2610,1.2168e+05,0.00010459,0.00033844,0.00034843
23052,1,1305,13119,8.1943e-05,2.8999e+06,2610,2.61e+05,0.00010459,0.00013876,0.00014595
23052,0,1305,4063,8.1943e-05,62074,2610,47409,0.00010459,0.000203,0.00020247
23052,0,1305,21993,8.1943e-05,74117,2610,63086,0.00010459,0.0024356,0.0082248
23052,1,1305,6095,8.1943e-05,2.1177e+06,2610,2.61e+05,0.00010459,0.00070957,0.0007038
23052,0,1305,21237,8.1943e-05,1.1042e+05,2610,68214,0.00010459,0.00019819,0.0001985
23052,0,1305,5140,8.1943e-05,58842,2610,27323,0.00010459,0.00015681,0.00015591
23052,1,1305,8580,8.1943e-05,8.4446e+06,2610,2.61e+05,0.00010459,0.00018783,0.00019009
23052,0,1305,2010,8.1943e-05,62424,2610,43508,0.00010459,0.0014065,0.0014543
23052,0,1305,14701,8.1943e-05,46872,2610,52936,0.00010459,6.6074e-05,0.0001598
23052,1,1305,4148,8.1943e-05,3.8227e+05,2610,2.61e+05,0.00010459,0.00032262,0.00031498
23052,0,1305,1035,8.1943e-05,2.593e+05,2610,2.4286e+05,0.00010459,6.5401e-05,6.4857e-05
23052,1,1305,16606,8.1943e-05,7.1273e+06,2610,2.61e+05,0.00010459,6.8691e-05,7.052e-05
23052,0,1305,7978,8.1943e-05,95757,2610,22349,0.00010459,0.0029676,0.0019381
23052,1,1305,15168,8.1943e-05,1.2377e+06,2610,2.61e+05,0.00010459,7.1342e-05,7.5312e-05
23052,1,1305,8814,8.1943e-05,4.3663e+06,2610,2.61e+05,0.00010459,4.7527e-05,4.6443e-05
23052,0,1305,14403,8.1943e-05,5.341e+05,2610,2.0482e+05,0.00010459,4.9522e-05,5.0702e-05
23052,1,1305,498,8.1943e-05,4.866e+05,2610,2.61e+05,0.00010459,8.5812e-06,8.5227e-06
23052,1,1305,20904,8.1943e-05,1.9798e+07,2610,2.61e+05,0.00010459,0.00080797,0.0013323
23052,1,1305,18377,8.1943e-05,6.7922e+06,2610,2.61e+05,0.00010459,3.4636e-05,3.4591e-05
23052,0,1305,17121,8.1943e-05,1.351e+05,2610,93659,0.00010459,0.00021308,0.00020766
23052,1,1305,18664,8.1943e-05,1.0004e+06,2610,2.61e+05,0.00010459,3.0863e-05,3.0764e-05
