52329,0,364,28515,0.00012833,5.5365e+05,365,368,0.00010966,0.00010791,0.00064294
52329,0,364,35909,0.00012833,1.0215e+06,365,368,0.00010966,0.00078445,0.0026106
52329,0,364,46762,0.00012833,6.7549e+05,365,368,0.00010966,0.001376,0.0024902
52329,0,364,2868,0.00012833,8.2717e+06,365,377,0.00010966,7.7553e-05,7.821e-05
52329,0,364,15890,0.00012833,1.443e+07,365,382,0.00010966,6.1378e-05,6.2043e-05
52329,0,364,2417,0.00012833,7.4147e+06,365,373,0.00010966,0.0012083,0.0020593
52329,0,364,10228,0.00012833,1.7136e+07,365,385,0.00010966,0.00011535,0.00011681
52329,0,364,37681,0.00012833,4.137e+06,365,374,0.00010966,0.00021389,0.0002157
52329,0,364,37763,0.00012833,8.5199e+05,365,367,0.00010966,0.0013834,0.0012396
52329,0,364,45927,0.00012833,6.9493e+05,365,368,0.00010966,0.0039216,0.058003
52329,0,364,30473,0.00012833,7.432e+05,365,368,0.00010966,0.0019554,0.0057434
52329,0,364,3699,0.00012833,2.0894e+08,365,441,0.00010966,1.8403e-05,1.8506e-05
52329,0,364,48276,0.00012833,1.6018e+07,365,375,0.00010966,8.4189e-05,8.3344e-05
52329,0,364,41873,0.00012833,6.1187e+06,365,374,0.00010966,0.00010108,0.00010133
52329,0,364,14960,0.00012833,6.3467e+06,365,373,0.00010966,0.00065913,0.00066642
52329,0,364,28442,0.00012833,1.159e+06,365,369,0.00010966,0.0021102,0.0014101
52329,0,364,51517,0.00012833,6.3935e+06,365,377,0.00010966,2.4299e-05,2.4559e-05
52329,0,364,37439,0.00012833,1.3363e+06,365,369,0.00010966,0.0037994,0.0054752
52329,0,364,43888,0.00012833,3.1324e+06,365,372,0.00010966,0.0002125,0.00021356
52329,0,364,22664,0.00012833,5.7515e+06,365,376,0.00010966,6.5311e-05,6.5736e-05
52329,0,364,24618,0.00012833,4.2685e+05,365,367,0.00010966,0.00067879,0.011072
52329,0,364,29330,0.00012833,6.6675e+06,365,377,0.00010966,0.00056248,0.00056761
52329,0,364,14076,0.00012833,4.7991e+06,365,373,0.00010966,0.0024121,0.0023492
52329,0,364,39179,0.00012833,2.7686e+06,365,371,0.00010966,0.00019197,0.00019409
52329,0,364,26356,0.00012833,7.4815e+05,365,368,0.00010966,0.0020171,0.0065939
52329,0,364,33831,0.00012833,1.6102e+06,365,370,0.00010966,0.0022052,0.0021337
52329,0,364,16097,0.00012833,2.2167e+06,365,370,0.00010966,6.9795e-05,9.9676e-05
52329,0,364,7256,0.00012833,6.0823e+06,365,375,0.00010966,0.00021145,0.00021157
52329,0,364,24873,0.00012833,1.1362e+07,365,381,0.00010966,1.4966e-05,1.4967e-05
52329,0,364,18957,0.00012833,1.3113e+06,365,369,0.00010966,0.00074989,0.0011155
52329,0,364,41218,0.00012833,2.1235e+07,365,385,0.00010966,0.00023285,0.00023359
52329,0,364,40808,0.00012833,1.0451e+07,365,380,0.00010966,4.0025e-05,4.0423e-05
52329,0,364,34962,0.00012833,2.9244e+06,365,372,0.00010966,7.0459e-05,7.0406e-05
52329,0,364,6982,0.00012833,3.0628e+06,365,371,0.00010966,0.0019918,0.0049418
52329,0,364,1128,0.00012833,1.1349e+07,365,380,0.00010966,5.5232e-05,5.5795e-05
52329,0,364,29277,0.00012833,5.4627e+05,365,368,0.00010966,0.0010919,0.0053658
52329,0,364,15731,0.00012833,1.5508e+06,365,370,0.00010966,0.00081045,0.0023054
52329,0,364,49124,0.00012833,1.9795e+07,365,370,0.00010966,0.0050692,0.0040482
52329,0,364,51293,0.00012833,1.0767e+06,365,369,0.00010966,0.0012665,0.00073833
52329,0,364,14988,0.00012833,1.0334e+07,365,378,0.00010966,4.7969e-05,4.7882e-05
52329,0,364,41875,0.00012833,1.9765e+06,365,371,0.00010966,0.0020265,0.0012924
52329,0,364,46856,0.00012833,1.4848e+06,365,370,0.00010966,0.0015868,0.0028029
52329,0,364,31243,0.00012833,1.0258e+07,365,367,0.00010966,0.002525,0.0023583
52329,0,364,46222,0.00012833,8.6004e+06,365,376,0.00010966,0.00030876,0.0003031
52329,0,364,49344,0.00012833,5.2351e+06,365,375,0.00010966,0.00017112,0.00017072
52329,0,364,28713,0.00012833,2.1327e+06,365,370,0.00010966,0.0047149,0.011289
52329,0,364,38083,0.00012833,6.4487e+05,365,368,0.00010966,0.0012263,0.0025492
52329,0,364,30155,0.00012833,9.1891e+06,365,379,0.00010966,9.3732e-05,9.4785e-05
52329,0,364,1352,0.00012833,3.5164e+06,365,373,0.00010966,0.003524,0.0015835
52329,0,364,23345,0.00012833,2.3718e+06,365,371,0.00010966,0.0029459,0.002077
52329,0,364,33789,0.00012833,1.6101e+06,365,370,0.00010966,0.0032555,0.0024643
52329,0,364,27248,0.00012833,4.1365e+06,365,373,0.00010966,0.00015235,0.00015367
52329,0,364,19464,0.00012833,1.3107e+06,365,369,0.00010966,0.0035712,0.0027205
52329,0,364,48990,0.00012833,1.7633e+07,365,383,0.00010966,4.7295e-06,4.7177e-06
52329,0,364,43364,0.00012833,8.9485e+05,365,369,0.00010966,0.000684,0.00052622
52329,0,364,44386,0.00012833,3.9417e+06,365,374,0.00010966,4.679e-05,4.7076e-05
52329,0,364,19474,0.00012833,6.8526e+06,365,377,0.00010966,0.00011552,0.00011675
52329,0,364,31007,0.00012833,4.8542e+06,365,374,0.00010966,0.00041038,0.00040981
52329,0,364,45610,0.00012833,4.4947e+06,365,375,0.00010966,0.00019809,0.00019854
52329,0,364,48795,0.00012833,1.2686e+06,365,370,0.00010966,0.0009156,0.0021341
52329,0,364,34940,0.00012833,2.8859e+06,365,372,0.00010966,0.00039477,0.00039782
52329,0,364,10808,0.00012833,2.2034e+07,365,387,0.00010966,0.00011349,0.00011376
52329,0,364,34175,0.00012833,8.6434e+05,365,368,0.00010966,0.0031504,0.021216
52329,0,364,3766,0.00012833,2.3767e+06,365,371,0.00010966,0.0011755,0.0029861
52329,0,364,21258,0.00012833,1.5273e+06,365,369,0.00010966,0.0016065,0.0016696
52329,0,364,34857,0.00012833,7.0917e+05,365,367,0.00010966,0.0010044,0.00060006
52329,0,364,48800,0.00012833,1.1982e+06,365,369,0.00010966,0.0069921,0.0062565
52329,0,364,42382,0.00012833,1.0164e+06,365,369,0.00010966,0.0027866,0.0024933
52329,0,364,25323,0.00012833,7.1025e+06,365,377,0.00010966,4.0287e-06,4.0105e-06
52329,0,364,39548,0.00012833,2.4691e+06,365,370,0.00010966,4.5603e-05,9.506e-05
52329,0,364,21795,0.00012833,1.8089e+06,365,371,0.00010966,0.00050203,0.0010477
52329,0,364,50784,0.00012833,4.4479e+05,365,368,0.00010966,0.0027575,0.0090879
52329,0,364,51629,0.00012833,1.72e+06,365,369,0.00010966,0.00053367,0.00038924
52329,0,364,45157,0.00012833,2.6389e+06,365,371,0.00010966,0.0046288,0.0031969
52329,0,364,20322,0.00012833,1.7722e+06,365,371,0.00010966,0.00010207,0.00026797
52329,0,364,23763,0.00012833,8.3035e+05,365,368,0.00010966,0.0029207,0.00191
52329,0,364,12891,0.00012833,1.0999e+07,365,380,0.00010966,1.2159e-05,1.2177e-05
52329,0,364,40988,0.00012833,7.4361e+06,365,377,0.00010966,0.00016872,0.00017116
52329,0,364,46130,0.00012833,1.2057e+06,365,369,0.00010966,0.00059224,0.00040269
52329,0,364,47742,0.00012833,1.2844e+06,365,369,0.00010966,0.0018367,0.0017899
52329,0,364,29170,0.00012833,4.6167e+05,365,367,0.00010966,0.00097235,0.00057469
52329,0,364,31290,0.00012833,3.5136e+06,365,374,0.00010966,3.6739e-05,3.722e-05
52329,0,364,7779,0.00012833,9.8008e+05,365,369,0.00010966,0.00032186,0.00044288
52329,0,364,47007,0.00012833,1.6284e+06,365,370,0.00010966,0.00078234,0.0014479
52329,0,364,23531,0.00012833,1.0884e+06,365,369,0.00010966,0.0012653,0.0026901
52329,0,364,10746,0.00012833,7.5239e+05,365,367,0.00010966,0.0016345,0.00088651
52329,0,364,47001,0.00012833,9.7805e+05,365,369,0.00010966,0.0019958,0.0037579
52329,0,364,39839,0.00012833,3.0043e+06,365,372,0.00010966,0.0024411,0.0012216
52329,0,364,46102,0.00012833,3.4155e+06,365,373,0.00010966,8.427e-06,8.3468e-06
52329,0,364,14886,0.00012833,3.0652e+06,365,369,0.00010966,0.00052792,0.00052718
52329,0,364,35169,0.00012833,2.0842e+06,365,371,0.00010966,0.0019831,0.0022898
52329,0,364,34701,0.00012833,1.9382e+06,365,370,0.00010966,0.00076665,0.00041475
52329,0,364,6416,0.00012833,2.8429e+05,365,548,0.00010966,0.0010315,0.0010321
52329,0,364,21277,0.00012833,1.4186e+07,365,383,0.00010966,1.8731e-05,1.883e-05
52329,0,364,14380,0.00012833,2.4465e+06,365,371,0.00010966,0.00046628,0.00048141
52329,0,364,37435,0.00012833,3.6396e+06,365,374,0.00010966,4.8532e-05,4.9054e-05
52329,0,364,14803,0.00012833,2.8838e+07,365,389,0.00010966,6.5111e-05,6.5373e-05
52329,0,364,46811,0.00012833,3.8215e+06,365,374,0.00010966,2.2866e-05,2.2885e-05
52329,0,364,43174,0.00012833,6.4876e+05,365,368,0.00010966,0.0021567,0.0054748
52329,0,364,20372,0.00012833,2.3187e+06,365,371,0.00010966,0.0012,0.0010102
