52329,0,2,28515,0.12784,5.5365e+05,365,576,0.15861,0.084066,12.463
52329,0,2,35909,0.12784,1.0215e+06,365,765,0.15861,0.00084029,0.0064463
52329,0,2,46762,0.12784,6.7549e+05,365,671,0.15861,0.011851,5.2797e+10
52329,0,2,2868,0.12784,8.2717e+06,365,2399,0.15861,0.15591,0.91538
52329,0,2,15890,0.12784,1.443e+07,365,3378,0.15861,0.19992,0.52759
52329,0,2,2417,0.12784,7.4147e+06,365,1430,0.15861,0.21127,0.5721
52329,0,2,10228,0.12784,1.7136e+07,365,3647,0.15861,0.31997,0.70643
52329,0,2,37681,0.12784,4.137e+06,365,1521,0.15861,0.15995,0.34992
52329,0,2,37763,0.12784,8.5199e+05,365,579,0.15861,0.011936,0.2221
52329,0,2,45927,0.12784,6.9493e+05,365,615,0.15861,0.20183,1.631
52329,0,2,30473,0.12784,7.432e+05,365,804,0.15861,0.068792,1.2315e+11
52329,0,2,3699,0.12784,2.0894e+08,365,13845,0.15861,0.18266,0.8331
52329,0,2,48276,0.12784,1.6018e+07,365,1737,0.15861,0.48519,0.82328
52329,0,2,41873,0.12784,6.1187e+06,365,1510,0.15861,0.09483,0.61397
52329,0,2,14960,0.12784,6.3467e+06,365,1468,0.15861,0.069812,0.67144
52329,0,2,28442,0.12784,1.159e+06,365,757,0.15861,0.11682,0.44952
52329,0,2,51517,0.12784,6.3935e+06,365,2207,0.15861,0.21529,0.59375
52329,0,2,37439,0.12784,1.3363e+06,365,819,0.15861,0.048896,0.49034
52329,0,2,43888,0.12784,3.1324e+06,365,1199,0.15861,0.19358,0.6336
52329,0,2,22664,0.12784,5.7515e+06,365,1696,0.15861,0.32301,0.82006
52329,0,2,24618,0.12784,4.2685e+05,365,716,0.15861,0.013976,2.1589e+10
52329,0,2,29330,0.12784,6.6675e+06,365,1844,0.15861,0.27833,0.82998
52329,0,2,14076,0.12784,4.7991e+06,365,1295,0.15861,0.14404,0.31369
52329,0,2,39179,0.12784,2.7686e+06,365,959,0.15861,0.0089843,0.065079
52329,0,2,26356,0.12784,7.4815e+05,365,670,0.15861,0.013192,0.77427
52329,0,2,33831,0.12784,1.6102e+06,365,948,0.15861,0.046286,0.59824
52329,0,2,16097,0.12784,2.2167e+06,365,962,0.15861,0.27328,0.79964
52329,0,2,7256,0.12784,6.0823e+06,365,1646,0.15861,0.14326,3.0097
52329,0,2,24873,0.12784,1.1362e+07,365,2625,0.15861,0.26086,0.5904
52329,0,2,18957,0.12784,1.3113e+06,365,753,0.15861,0.20934,0.8414
52329,0,2,41218,0.12784,2.1235e+07,365,4061,0.15861,0.10341,2.1314
52329,0,2,40808,0.12784,1.0451e+07,365,2423,0.15861,0.22418,2.9039
52329,0,2,34962,0.12784,2.9244e+06,365,1449,0.15861,0.12248,1.4225
52329,0,2,6982,0.12784,3.0628e+06,365,1311,0.15861,0.034751,0.7567
52329,0,2,1128,0.12784,1.1349e+07,365,2515,0.15861,0.30668,0.92445
52329,0,2,29277,0.12784,5.4627e+05,365,699,0.15861,0.11679,4.2939e+11
52329,0,2,15731,0.12784,1.5508e+06,365,812,0.15861,0.080182,1.2706
52329,0,2,49124,0.12784,1.9795e+07,365,757,0.15861,3.3,0.43791
52329,0,2,51293,0.12784,1.0767e+06,365,704,0.15861,0.33005,0.45421
52329,0,2,14988,0.12784,1.0334e+07,365,2664,0.15861,0.2109,0.91239
52329,0,2,41875,0.12784,1.9765e+06,365,1075,0.15861,0.091731,0.47483
52329,0,2,46856,0.12784,1.4848e+06,365,908,0.15861,0.010246,7.1498e+09
52329,0,2,31243,0.12784,1.0258e+07,365,688,0.15861,3.3093,0.54587
52329,0,2,46222,0.12784,8.6004e+06,365,1808,0.15861,0.077082,0.68682
52329,0,2,49344,0.12784,5.2351e+06,365,1703,0.15861,0.26871,0.62688
52329,0,2,28713,0.12784,2.1327e+06,365,1158,0.15861,0.0040979,1.5786
52329,0,2,38083,0.12784,6.4487e+05,365,641,0.15861,2.8433e-13,10.007
52329,0,2,30155,0.12784,9.1891e+06,365,2356,0.15861,0.34608,0.76086
52329,0,2,1352,0.12784,3.5164e+06,365,1320,0.15861,0.031869,0.31217
52329,0,2,23345,0.12784,2.3718e+06,365,1163,0.15861,0.0075388,1.7373e+10
52329,0,2,33789,0.12784,1.6101e+06,365,868,0.15861,0.047455,0.61342
52329,0,2,27248,0.12784,4.1365e+06,365,1517,0.15861,0.23391,1.2911
52329,0,2,19464,0.12784,1.3107e+06,365,767,0.15861,0.069407,0.50148
52329,0,2,48990,0.12784,1.7633e+07,365,3333,0.15861,0.19625,0.83222
52329,0,2,43364,0.12784,8.9485e+05,365,759,0.15861,0.0088923,1.7684
52329,0,2,44386,0.12784,3.9417e+06,365,1390,0.15861,0.3434,1.869
52329,0,2,19474,0.12784,6.8526e+06,365,2234,0.15861,0.20002,0.70358
52329,0,2,31007,0.12784,4.8542e+06,365,1599,0.15861,0.13232,0.53188
52329,0,2,45610,0.12784,4.4947e+06,365,1531,0.15861,0.32854,0.77255
52329,0,2,48795,0.12784,1.2686e+06,365,848,0.15861,0.051141,0.68791
52329,0,2,34940,0.12784,2.8859e+06,365,1186,0.15861,0.023551,0.30901
52329,0,2,10808,0.12784,2.2034e+07,365,3360,0.15861,0.068538,0.195
52329,0,2,34175,0.12784,8.6434e+05,365,702,0.15861,0.035983,0.34338
52329,0,2,3766,0.12784,2.3767e+06,365,1094,0.15861,0.10621,6.5017e+11
52329,0,2,21258,0.12784,1.5273e+06,365,934,0.15861,0.12838,3.3592e+11
52329,0,2,34857,0.12784,7.0917e+05,365,616,0.15861,0.086073,1.2167
52329,0,2,48800,0.12784,1.1982e+06,365,734,0.15861,0.058095,0.29077
52329,0,2,42382,0.12784,1.0164e+06,365,702,0.15861,0.0038788,0.019985
52329,0,2,25323,0.12784,7.1025e+06,365,1976,0.15861,0.34187,0.769
52329,0,2,39548,0.12784,2.4691e+06,365,977,0.15861,0.21785,0.6298
52329,0,2,21795,0.12784,1.8089e+06,365,917,0.15861,0.074479,0.51512
52329,0,2,50784,0.12784,4.4479e+05,365,669,0.15861,0.11542,3669.7
52329,0,2,51629,0.12784,1.72e+06,365,783,0.15861,0.18393,57.286
52329,0,2,45157,0.12784,2.6389e+06,365,1226,0.15861,0.017288,7.8823
52329,0,2,20322,0.12784,1.7722e+06,365,973,0.15861,0.0032316,4.6743e+09
52329,0,2,23763,0.12784,8.3035e+05,365,823,0.15861,0.023167,1.9032e+10
52329,0,2,12891,0.12784,1.0999e+07,365,2286,0.15861,0.22118,1.2746
52329,0,2,40988,0.12784,7.4361e+06,365,1867,0.15861,0.19513,0.47728
52329,0,2,46130,0.12784,1.2057e+06,365,701,0.15861,0.94708,3.4975
52329,0,2,47742,0.12784,1.2844e+06,365,800,0.15861,0.0031552,1.0476e+10
52329,0,2,29170,0.12784,4.6167e+05,365,569,0.15861,0.26597,1.4268
52329,0,2,31290,0.12784,3.5136e+06,365,1377,0.15861,0.32335,0.75373
52329,0,2,7779,0.12784,9.8008e+05,365,750,0.15861,0.00091481,0.0033075
52329,0,2,47007,0.12784,1.6284e+06,365,1074,0.15861,0.070562,9.0395e+10
52329,0,2,23531,0.12784,1.0884e+06,365,761,0.15861,0.025826,0.61462
52329,0,2,10746,0.12784,7.5239e+05,365,666,0.15861,0.31909,0.68101
52329,0,2,47001,0.12784,9.7805e+05,365,927,0.15861,0.0006379,1.2649e+09
52329,0,2,39839,0.12784,3.0043e+06,365,1319,0.15861,0.027038,0.12226
52329,0,2,46102,0.12784,3.4155e+06,365,1314,0.15861,0.2566,0.91763
52329,0,2,14886,0.12784,3.0652e+06,365,765,0.15861,0.26017,0.66848
52329,0,2,35169,0.12784,2.0842e+06,365,1085,0.15861,0.061737,0.6522
52329,0,2,34701,0.12784,1.9382e+06,365,1113,0.15861,0.032923,0.29478
52329,0,2,6416,0.12784,2.8429e+05,365,552,0.15861,0.47737,0.13869
52329,0,2,21277,0.12784,1.4186e+07,365,2887,0.15861,0.33096,0.85191
52329,0,2,14380,0.12784,2.4465e+06,365,1059,0.15861,0.0087262,12.043
52329,0,2,37435,0.12784,3.6396e+06,365,1456,0.15861,0.30965,0.47918
52329,0,2,14803,0.12784,2.8838e+07,365,4608,0.15861,0.36302,0.72718
52329,0,2,46811,0.12784,3.8215e+06,365,1462,0.15861,0.30175,0.78506
52329,0,2,43174,0.12784,6.4876e+05,365,722,0.15861,0.074971,2.6693
52329,0,2,20372,0.12784,2.3187e+06,365,1070,0.15861,0.0091118,10.022
