2.1792e+05,0,2,21080,0.00068888,54262,5877,5878,0.0043567,0.059592,1.84
2.1792e+05,0,2,1.7829e+05,0.00068888,1.3166e+06,5877,6723,0.0043567,0.00041024,10.608
2.1792e+05,0,2,1.7816e+05,0.00068888,7.6137e+06,5877,11202,0.0043567,0.14566,1.4376
2.1792e+05,0,2,1.5743e+05,0.00068888,1.106e+06,5877,6417,0.0043567,8.6299e-05,1.4526
2.1792e+05,0,2,32658,0.00068888,4.5181e+05,5877,5874,0.0043567,8.1519e-05,297.1
2.1792e+05,0,2,1.4374e+05,0.00068888,33474,5877,5889,0.0043567,0.24394,1.4592
2.1792e+05,0,2,1.1301e+05,0.00068888,1.302e+06,5877,6693,0.0043567,0.00018738,1.1605
2.1792e+05,0,2,2.1202e+05,0.00068888,12924,5877,5820,0.0043567,0.15186,0.40302
2.1792e+05,0,2,1.4142e+05,0.00068888,2.8689e+05,5877,5854,0.0043567,0.01355,2.9617
2.1792e+05,0,2,1.744e+05,0.00068888,7.6251e+05,5877,5996,0.0043567,0.051625,1.1116
2.1792e+05,0,2,98887,0.00068888,1.7758e+06,5877,7315,0.0043567,0.0030582,3.4173
2.1792e+05,0,2,94222,0.00068888,1.663e+05,5877,5848,0.0043567,0.039891,1.1671
2.1792e+05,0,2,1.7984e+05,0.00068888,4.4726e+05,5877,5962,0.0043567,1.3449,0.86746
2.1792e+05,0,2,18189,0.00068888,1.3135e+06,5877,6748,0.0043567,0.001798,25.9
2.1792e+05,0,2,29019,0.00068888,7.8735e+05,5877,5953,0.0043567,0.42371,1.3375
2.1792e+05,0,2,37782,0.00068888,53841,5877,5847,0.0043567,0.19244,1.7325
2.1792e+05,0,2,85187,0.00068888,574.67,5877,5868,0.0043567,0.68218,0.43324
2.1792e+05,0,2,1.8116e+05,0.00068888,25874,5877,5845,0.0043567,0.4166,1.0363
2.1792e+05,0,2,1.7505e+05,0.00068888,3.0424e+06,5877,8277,0.0043567,0.001386,4.3947e+09
2.1792e+05,0,2,13177,0.00068888,4.2288e+05,5877,5935,0.0043567,0.011213,8.4742
2.1792e+05,0,2,86998,0.00068888,1.2666e+06,5877,6630,0.0043567,0.011149,2210.1
2.1792e+05,0,2,1.148e+05,0.00068888,1884.1,5877,5777,0.0043567,1.5576,1.2511
2.1792e+05,0,2,90819,0.00068888,4.6383e+05,5877,5874,0.0043567,0.16222,1.6815
2.1792e+05,0,2,1.4313e+05,0.00068888,1.2039e+06,5877,6604,0.0043567,0.00019142,1.0014
2.1792e+05,0,2,1.3683e+05,0.00068888,1.037e+06,5877,6319,0.0043567,0.0018224,14.543
2.1792e+05,0,2,63622,0.00068888,94147,5877,5976,0.0043567,0.042865,1.779
2.1792e+05,0,2,94054,0.00068888,63277,5877,5875,0.0043567,0.10714,1.7888
2.1792e+05,0,2,3375,0.00068888,2.531e+06,5877,8105,0.0043567,0.0058742,182.2
2.1792e+05,0,2,2.1442e+05,0.00068888,4.0658e+06,5877,9681,0.0043567,0.0023374,4.6769
2.1792e+05,0,2,36425,0.00068888,6.3327e+05,5877,5906,0.0043567,0.00014605,1.1402
2.1792e+05,0,2,23144,0.00068888,33068,5877,5874,0.0043567,0.81495,1.2396
2.1792e+05,0,2,81144,0.00068888,18324,5877,5732,0.0043567,0.21444,1.8075
2.1792e+05,0,2,43168,0.00068888,22229,5877,5939,0.0043567,0.28048,1.4878
2.1792e+05,0,2,1.067e+05,0.00068888,25549,5877,5892,0.0043567,0.076804,1.8381
2.1792e+05,0,2,73971,0.00068888,355.74,5877,5806,0.0043567,0.46956,0.38596
2.1792e+05,0,2,2.0734e+05,0.00068888,1.0459e+06,5877,6368,0.0043567,0.00038426,0.89262
2.1792e+05,0,2,2.0052e+05,0.00068888,2.9122e+05,5877,5862,0.0043567,0.36337,1.6116
2.1792e+05,0,2,11478,0.00068888,1.1086e+05,5877,5874,0.0043567,0.01974,0.7492
2.1792e+05,0,2,1.6076e+05,0.00068888,37357,5877,5889,0.0043567,0.32709,1.5582
2.1792e+05,0,2,58636,0.00068888,1.5276e+06,5877,6915,0.0043567,0.051226,58.094
2.1792e+05,0,2,92127,0.00068888,32785,5877,5825,0.0043567,0.065218,1.8071
2.1792e+05,0,2,1.1937e+05,0.00068888,15895,5877,5732,0.0043567,0.34085,1.2568
2.1792e+05,0,2,2.054e+05,0.00068888,2.7446e+05,5877,5855,0.0043567,0.02367,1.6456
2.1792e+05,0,2,91016,0.00068888,18364,5877,5841,0.0043567,0.37511,1.0585
2.1792e+05,0,2,2.1418e+05,0.00068888,1.9912e+06,5877,7173,0.0043567,0.43156,1.3953
2.1792e+05,0,2,65679,0.00068888,31318,5877,5826,0.0043567,0.1853,3.9133
2.1792e+05,0,2,1.5275e+05,0.00068888,2.7003e+06,5877,8273,0.0043567,0.00011841,0.39675
2.1792e+05,0,2,1.4518e+05,0.00068888,8.8275e+05,5877,6190,0.0043567,0.00023327,1050.9
2.1792e+05,0,2,1.1746e+05,0.00068888,90652,5877,5906,0.0043567,0.052757,1.9565
2.1792e+05,0,2,1.521e+05,0.00068888,2.2708e+06,5877,7807,0.0043567,0.0021741,11.321
2.1792e+05,0,2,1.4522e+05,0.00068888,83704,5877,5960,0.0043567,0.11825,1.7792
2.1792e+05,0,2,38810,0.00068888,8.3241e+05,5877,6048,0.0043567,0.001477,7.6823
2.1792e+05,0,2,27890,0.00068888,1.7392e+06,5877,7217,0.0043567,0.0018735,6.2337
2.1792e+05,0,2,2.1766e+05,0.00068888,3.2192e+06,5877,8804,0.0043567,0.00045875,0.57136
2.1792e+05,0,2,37282,0.00068888,14988,5877,5733,0.0043567,0.041999,1.8613
2.1792e+05,0,2,7103,0.00068888,2.2504e+06,5877,7294,0.0043567,0.28785,0.29952
2.1792e+05,0,2,1.2226e+05,0.00068888,2522.2,5877,5853,0.0043567,0.92375,1.0819
2.1792e+05,0,2,1.9212e+05,0.00068888,3.9349e+06,5877,9642,0.0043567,0.0018004,1.1462
2.1792e+05,0,2,1.4579e+05,0.00068888,7.9399e+05,5877,6090,0.0043567,0.00032441,2.6965
2.1792e+05,0,2,41488,0.00068888,35259,5877,5890,0.0043567,0.04105,1.8735
2.1792e+05,0,2,80372,0.00068888,84792,5877,5919,0.0043567,0.061967,1.8246
2.1792e+05,0,2,1.0037e+05,0.00068888,1.906e+05,5877,5862,0.0043567,0.13066,1.6857
2.1792e+05,0,2,2.1386e+05,0.00068888,1.2242e+06,5877,6577,0.0043567,0.00049274,3.2524
2.1792e+05,0,2,34074,0.00068888,4.5976e+05,5877,5894,0.0043567,0.00038083,1478.1
2.1792e+05,0,2,1.8638e+05,0.00068888,87244,5877,5825,0.0043567,0.40759,1.6314
2.1792e+05,0,2,1.4046e+05,0.00068888,2.0712e+06,5877,7581,0.0043567,0.2386,0.48364
2.1792e+05,0,2,81972,0.00068888,19165,5877,5841,0.0043567,0.7744,1.2348
2.1792e+05,0,2,41593,0.00068888,1.5469e+06,5877,6958,0.0043567,0.00023625,1.0158
2.1792e+05,0,2,93295,0.00068888,563.08,5877,5888,0.0043567,0.64932,0.41001
2.1792e+05,0,2,1.0501e+05,0.00068888,541.07,5877,5778,0.0043567,0.52672,0.35726
2.1792e+05,0,2,26275,0.00068888,2.7604e+06,5877,8580,0.0043567,0.034672,0.19619
2.1792e+05,0,2,1.2842e+05,0.00068888,1.3999e+05,5877,5860,0.0043567,0.31205,1.529
2.1792e+05,0,2,49275,0.00068888,2279.5,5877,5778,0.0043567,1.7804,2.8318
2.1792e+05,0,2,83788,0.00068888,6.0068e+05,5877,5922,0.0043567,0.00015305,17.985
2.1792e+05,0,2,1.27e+05,0.00068888,2444.4,5877,5849,0.0043567,0.93472,1.0939
2.1792e+05,0,2,54855,0.00068888,1043.8,5877,5860,0.0043567,0.019656,0.0085318
2.1792e+05,0,2,63271,0.00068888,529.11,5877,5822,0.0043567,0.69197,0.47973
2.1792e+05,0,2,1.3443e+05,0.00068888,26372,5877,5828,0.0043567,0.34333,1.5473
2.1792e+05,0,2,57789,0.00068888,6.6566e+05,5877,5937,0.0043567,0.081502,2194.2
2.1792e+05,0,2,1.7958e+05,0.00068888,3.4236e+06,5877,7011,0.0043567,0.094216,1.6371
2.1792e+05,0,2,2.1406e+05,0.00068888,1.014e+05,5877,5877,0.0043567,0.2953,2.1361
2.1792e+05,0,2,1.5908e+05,0.00068888,4.4409e+06,5877,9939,0.0043567,0.0017596,0.14993
2.1792e+05,0,2,74909,0.00068888,34645,5877,5892,0.0043567,0.060368,1.7967
2.1792e+05,0,2,1.2723e+05,0.00068888,45644,5877,5853,0.0043567,0.057141,1.5855
2.1792e+05,0,2,23476,0.00068888,2.1127e+05,5877,5853,0.0043567,0.013086,3.0288
2.1792e+05,0,2,1.9742e+05,0.00068888,1.0155e+06,5877,6292,0.0043567,0.00024018,5.4042
2.1792e+05,0,2,1.9162e+05,0.00068888,664.17,5877,5842,0.0043567,2.124,1.042
2.1792e+05,0,2,1.7813e+05,0.00068888,2.9514e+07,5877,22027,0.0043567,0.062616,1.3199
2.1792e+05,0,2,56795,0.00068888,1097,5877,5860,0.0043567,0.072237,0.032684
2.1792e+05,0,2,1.2947e+05,0.00068888,41954,5877,5882,0.0043567,0.051201,0.77352
2.1792e+05,0,2,4904,0.00068888,1.7442e+06,5877,7220,0.0043567,0.0055991,30.239
2.1792e+05,0,2,92633,0.00068888,1.0616e+06,5877,6347,0.0043567,0.00014139,1.0026
2.1792e+05,0,2,68119,0.00068888,454.05,5877,5888,0.0043567,0.082742,0.055593
2.1792e+05,0,2,35176,0.00068888,1.9001e+05,5877,5855,0.0043567,0.0084739,1.8718
2.1792e+05,0,2,38940,0.00068888,1.2374e+05,5877,5865,0.0043567,0.058914,1.3872
2.1792e+05,0,2,92115,0.00068888,34645,5877,5892,0.0043567,0.060471,1.8006
2.1792e+05,0,2,20526,0.00068888,6.3522e+05,5877,5930,0.0043567,0.00022665,1.9056
2.1792e+05,0,2,1.3037e+05,0.00068888,2.1023e+06,5877,7607,0.0043567,0.0010971,2650.7
2.1792e+05,0,2,1.0258e+05,0.00068888,1.1544e+06,5877,6585,0.0043567,0.0021825,5.6291
2.1792e+05,0,2,1.5159e+05,0.00068888,8.6576e+05,5877,6148,0.0043567,0.00033967,2.8516
