14822,0,37,11521,0.035843,0.10437,73,114,0.015104,0.027809,0.11693
14822,0,37,13416,0.035843,0.19208,73,118,0.015104,0.04516,0.21928
14822,0,37,7911,0.035843,0.69509,73,152,0.015104,0.030509,0.047726
14822,0,37,1618,0.035843,0.19503,73,120,0.015104,0.035602,0.073746
14822,0,37,12237,0.035843,1.2162,73,161,0.015104,0.046674,0.33617
14822,0,37,5010,0.035843,2.2178,73,207,0.015104,0.00072735,0.00074838
14822,0,37,4356,0.035843,0.20948,73,119,0.015104,0.013676,0.015324
14822,0,37,11057,0.035843,0.77839,73,156,0.015104,0.032699,0.050028
14822,0,37,154,0.035843,0.51796,73,128,0.015104,0.020324,0.034813
14822,0,37,718,0.035843,0.67179,73,151,0.015104,0.04098,0.072876
14822,0,37,9894,0.035843,0.75855,73,152,0.015104,0.030928,0.046316
14822,0,37,8938,0.035843,1.0313,73,162,0.015104,0.034878,0.060132
14822,0,37,7792,0.035843,1.0468,73,159,0.015104,0.022976,0.029958
14822,0,37,10807,0.035843,2.3423,73,200,0.015104,0.030206,0.045283
14822,0,37,10474,0.035843,0.092239,73,111,0.015104,0.032006,0.049232
14822,0,37,11570,0.035843,0.056903,73,92,0.015104,0.030343,0.1058
14822,0,37,4264,0.035843,0.080846,73,110,0.015104,0.0066653,0.0072046
14822,0,37,10253,0.035843,1.3823,73,173,0.015104,0.016638,0.023636
14822,0,37,8241,0.035843,1.1028,73,167,0.015104,0.035726,0.057429
14822,0,37,5870,0.035843,4.3871,73,259,0.015104,0.026311,0.036748
14822,0,37,912,0.035843,0.020987,73,86,0.015104,0.035487,0.063869
14822,0,37,11548,0.035843,0.055513,73,109,0.015104,0.023627,0.08651
14822,0,37,4997,0.035843,3.4952,73,279,0.015104,0.0066658,0.0067671
14822,0,37,8996,0.035843,0.025359,73,86,0.015104,0.026633,0.044895
14822,0,37,10970,0.035843,0.77389,73,155,0.015104,0.032379,0.049247
14822,0,37,1551,0.035843,0.11823,73,115,0.015104,0.038847,0.08185
14822,0,37,1893,0.035843,0.07109,73,93,0.015104,0.046274,0.090716
14822,0,37,8131,0.035843,0.66469,73,153,0.015104,0.02165,0.034573
14822,0,37,7179,0.035843,1.2613,73,172,0.015104,0.015222,0.017873
14822,0,37,13173,0.035843,0.59881,73,136,0.015104,0.057588,0.1122
14822,0,37,11819,0.035843,0.14545,73,116,0.015104,0.018905,0.085541
14822,0,37,10862,0.035843,0.52676,73,147,0.015104,0.031915,0.048572
14822,0,37,760,0.035843,1.097,73,159,0.015104,0.038274,0.067405
14822,0,37,1078,0.035843,0.56515,73,148,0.015104,0.0353,0.061434
14822,0,37,1310,0.035843,0.1147,73,115,0.015104,0.021823,0.037811
14822,0,37,11806,0.035843,0.12134,73,94,0.015104,0.028164,0.12482
14822,0,37,13944,0.035843,0.051437,73,93,0.015104,0.043121,0.10428
14822,0,37,10109,0.035843,0.022484,73,86,0.015104,0.027017,0.040021
14822,0,37,1953,0.035843,0.36532,73,126,0.015104,0.0482,0.094737
14822,0,37,10685,0.035843,0.15438,73,116,0.015104,0.032313,0.050142
14822,0,37,1632,0.035843,0.14106,73,116,0.015104,0.037177,0.081151
14822,0,37,1737,0.035843,0.12163,73,115,0.015104,0.033416,0.064809
14822,0,37,9470,0.035843,0.61184,73,151,0.015104,0.019887,0.032184
14822,0,37,4860,0.035843,0.86013,73,153,0.015104,0.0075183,0.0077148
14822,0,37,9663,0.035843,0.59323,73,136,0.015104,0.022701,0.037749
14822,0,37,11070,0.035843,0.75757,73,156,0.015104,0.031796,0.049207
14822,0,37,8618,0.035843,0.48775,73,137,0.015104,0.026358,0.041524
14822,0,37,10934,0.035843,1.5296,73,169,0.015104,0.031873,0.048159
14822,0,37,3470,0.035843,0.25468,73,122,0.015104,0.030005,0.056664
14822,0,37,10858,0.035843,0.11783,73,115,0.015104,0.03185,0.048423
14822,0,37,14338,0.035843,0.31867,73,125,0.015104,0.055737,0.43611
14822,0,37,12806,0.035843,0.1452,73,116,0.015104,0.048229,0.11126
14822,0,37,1274,0.035843,0.033531,73,86,0.015104,0.024936,0.04332
14822,0,37,5412,0.035843,0.034475,73,108,0.015104,0.0081533,0.0087505
14822,0,37,5453,0.035843,3.8151,73,252,0.015104,0.0070189,0.0072506
14822,0,37,10116,0.035843,0.34693,73,125,0.015104,0.022545,0.032908
14822,0,37,8830,0.035843,0.022327,73,86,0.015104,0.031212,0.052822
14822,0,37,11655,0.035843,0.047109,73,92,0.015104,0.032075,0.089559
14822,0,37,5429,0.035843,0.025342,73,104,0.015104,0.017694,0.018571
14822,0,37,3042,0.035843,0.21813,73,121,0.015104,0.030687,0.058609
14822,0,37,1280,0.035843,0.079738,73,110,0.015104,0.035889,0.06297
14822,0,37,11395,0.035843,0.14179,73,95,0.015104,0.017372,0.066503
14822,0,37,3036,0.035843,0.22723,73,122,0.015104,0.031028,0.059682
14822,0,37,5731,0.035843,4.6138,73,304,0.015104,0.024621,0.032955
14822,0,37,8144,0.035843,0.67887,73,153,0.015104,0.023766,0.037706
14822,0,37,3379,0.035843,0.2919,73,124,0.015104,0.026653,0.049709
14822,0,37,9473,0.035843,0.65318,73,152,0.015104,0.020209,0.032478
14822,0,37,7149,0.035843,0.076546,73,110,0.015104,0.0097889,0.011319
14822,0,37,2241,0.035843,0.32869,73,124,0.015104,0.051335,0.10113
14822,0,37,11536,0.035843,0.0911,73,93,0.015104,0.025216,0.10349
14822,0,37,1485,0.035843,0.084698,73,111,0.015104,0.04264,0.093533
14822,0,37,4338,0.035843,0.023885,73,86,0.015104,0.0084791,0.0092822
14822,0,37,3502,0.035843,0.26011,73,121,0.015104,0.035369,0.068592
