18000,0,2102,11118,2.3862e-05,61.359,8408,16520,2.2486e-05,8.7959e-05,9.1803e-05
18000,0,2102,15470,2.3862e-05,47.556,8408,14797,2.2486e-05,9.5703e-05,9.6823e-05
18000,0,2102,14498,2.3862e-05,55.896,8408,15512,2.2486e-05,0.00016023,0.00016585
18000,0,2102,10380,2.3862e-05,68.174,8408,17358,2.2486e-05,0.00016169,0.00016816
18000,0,2102,3292,2.3862e-05,74.32,8408,18127,2.2486e-05,0.00029242,0.00026541
18000,0,2102,4318,2.3862e-05,27.345,8408,12025,2.2486e-05,0.0002348,0.0002198
18000,0,2102,15952,2.3862e-05,59.127,8408,16012,2.2486e-05,0.00029709,0.00026915
18000,0,2102,516,2.3862e-05,72.194,8408,17870,2.2486e-05,5.5065e-06,5.5427e-06
18000,0,2102,8815,2.3862e-05,47.864,8408,14257,2.2486e-05,0.00024901,0.00022986
18000,0,2102,3022,2.3862e-05,44.425,8408,14366,2.2486e-05,0.0003173,0.00028652
18000,0,2102,17607,2.3862e-05,49.724,8408,14669,2.2486e-05,0.00013421,0.00013954
18000,0,2102,12821,2.3862e-05,41.842,8408,13741,2.2486e-05,0.00012994,0.00013702
18000,0,2102,9003,2.3862e-05,56.865,8408,15933,2.2486e-05,0.00024394,0.00026869
18000,0,2102,8474,2.3862e-05,36.179,8408,13551,2.2486e-05,0.00015415,0.00016162
18000,0,2102,1073,2.3862e-05,45.604,8408,15104,2.2486e-05,0.00015284,0.00015932
18000,0,2102,12266,2.3862e-05,50.479,8408,14521,2.2486e-05,0.00012496,0.00013062
18000,0,2102,764,2.3862e-05,63.532,8408,16723,2.2486e-05,0.00012491,0.00012932
18000,0,2102,1285,2.3862e-05,42.12,8408,13979,2.2486e-05,0.00014317,0.00013746
18000,0,2102,9381,2.3862e-05,71.353,8408,17606,2.2486e-05,4.8122e-05,4.8963e-05
18000,0,2102,1740,2.3862e-05,40.056,8408,14075,2.2486e-05,0.00019581,0.00021194
18000,0,2102,14711,2.3862e-05,25.524,8408,11635,2.2486e-05,0.00010256,0.00010389
18000,0,2102,14699,2.3862e-05,51.208,8408,15415,2.2486e-05,0.00018343,0.00019261
18000,0,2102,12989,2.3862e-05,77.378,8408,18310,2.2486e-05,6.6488e-05,6.7556e-05
18000,0,2102,2695,2.3862e-05,59.368,8408,16461,2.2486e-05,0.0002637,0.00024265
18000,0,2102,11858,2.3862e-05,33.772,8408,13028,2.2486e-05,0.00016605,0.0001736
18000,0,2102,9322,2.3862e-05,67.442,8408,17069,2.2486e-05,9.6475e-05,9.4301e-05
18000,0,2102,17489,2.3862e-05,21.624,8408,11222,2.2486e-05,0.00012934,0.00013377
18000,0,2102,11665,2.3862e-05,75.381,8408,17986,2.2486e-05,0.00012533,0.00012191
18000,0,2102,14384,2.3862e-05,7.8433,8408,9997,2.2486e-05,0.0001328,0.00013713
18000,0,2102,8156,2.3862e-05,66.778,8408,17262,2.2486e-05,0.00011737,0.00012109
18000,0,2102,7771,2.3862e-05,51.651,8408,15377,2.2486e-05,0.00014138,0.00013575
18000,0,2102,14831,2.3862e-05,48.825,8408,14906,2.2486e-05,6.537e-05,6.6611e-05
18000,0,2102,1500,2.3862e-05,54.52,8408,15945,2.2486e-05,0.00019584,0.00021184
18000,0,2102,2393,2.3862e-05,43.65,8408,13755,2.2486e-05,0.00013005,0.00013797
18000,0,2102,3116,2.3862e-05,34.312,8408,13040,2.2486e-05,0.00013336,0.00013799
18000,0,2102,7024,2.3862e-05,66.03,8408,17129,2.2486e-05,0.00022978,0.00021138
18000,0,2102,14935,2.3862e-05,28.479,8408,11799,2.2486e-05,0.000252,0.00023366
18000,0,2102,14431,2.3862e-05,32.101,8408,12630,2.2486e-05,0.00018453,0.00017483
18000,0,2102,1087,2.3862e-05,67.278,8408,17123,2.2486e-05,0.00016669,0.00015734
18000,0,2102,7172,2.3862e-05,63.065,8408,16847,2.2486e-05,0.00014193,0.00014543
18000,0,2102,9463,2.3862e-05,39.429,8408,13373,2.2486e-05,0.00025737,0.00023713
18000,0,2102,7486,2.3862e-05,21.704,8408,11391,2.2486e-05,5.6335e-05,5.4988e-05
18000,0,2102,11796,2.3862e-05,48.484,8408,14962,2.2486e-05,9.2355e-05,9.6299e-05
18000,0,2102,11277,2.3862e-05,68.067,8408,17256,2.2486e-05,9.0195e-05,9.2964e-05
18000,0,2102,5243,2.3862e-05,19.635,8408,11079,2.2486e-05,0.000151,0.00015723
18000,0,2102,7751,2.3862e-05,11.135,8408,10461,2.2486e-05,0.00012985,0.00013461
18000,0,2102,279,2.3862e-05,62.269,8408,16453,2.2486e-05,0.00015326,0.00016261
18000,0,2102,17667,2.3862e-05,73.788,8408,18204,2.2486e-05,8.8079e-05,9.0311e-05
18000,0,2102,3002,2.3862e-05,60.303,8408,18725,2.2486e-05,0.00014044,0.00014566
18000,0,2102,1907,2.3862e-05,47.591,8408,14996,2.2486e-05,0.00013129,0.0001366
18000,0,2102,6685,2.3862e-05,51.733,8408,15399,2.2486e-05,0.00029023,0.00026583
18000,0,2102,3557,2.3862e-05,44.407,8408,13541,2.2486e-05,0.00015805,0.00016552
18000,0,2102,8789,2.3862e-05,39.01,8408,13787,2.2486e-05,0.0001204,0.000123
18000,0,2102,6093,2.3862e-05,28.795,8408,12326,2.2486e-05,8.6966e-05,8.9628e-05
18000,0,2102,17078,2.3862e-05,74.826,8408,17892,2.2486e-05,0.00011447,0.00011816
18000,0,2102,16516,2.3862e-05,61.738,8408,16432,2.2486e-05,0.00027743,0.00025505
18000,0,2102,946,2.3862e-05,40.23,8408,11631,2.2486e-05,0.00014974,0.00014213
18000,0,2102,13240,2.3862e-05,64.89,8408,17135,2.2486e-05,0.0003043,0.00027692
18000,0,2102,4829,2.3862e-05,39.72,8408,14031,2.2486e-05,0.00010932,0.00011326
18000,0,2102,7587,2.3862e-05,44.693,8408,14573,2.2486e-05,9.108e-05,9.4894e-05
18000,0,2102,9829,2.3862e-05,39.783,8408,13273,2.2486e-05,0.0003356,0.00030465
18000,0,2102,16912,2.3862e-05,25.106,8408,11954,2.2486e-05,0.0003703,0.00033154
18000,0,2102,7494,2.3862e-05,67.255,8408,17332,2.2486e-05,0.00015683,0.00016895
18000,0,2102,17634,2.3862e-05,46.954,8408,14216,2.2486e-05,9.8557e-05,0.00010141
18000,0,2102,5407,2.3862e-05,27.48,8408,11687,2.2486e-05,0.00014521,0.00013963
18000,0,2102,12575,2.3862e-05,57.812,8408,15784,2.2486e-05,9.0633e-05,9.2366e-05
18000,0,2102,11951,2.3862e-05,29.786,8408,12228,2.2486e-05,9.8774e-05,0.00010053
18000,0,2102,9669,2.3862e-05,52.39,8408,15014,2.2486e-05,0.00012282,0.00012729
18000,0,2102,12519,2.3862e-05,51.05,8408,15282,2.2486e-05,0.00022601,0.00024692
18000,0,2102,11952,2.3862e-05,77.94,8408,18380,2.2486e-05,0.00025076,0.00027579
18000,0,2102,3194,2.3862e-05,37.105,8408,13166,2.2486e-05,0.00012843,0.00013237
18000,0,2102,2296,2.3862e-05,61.274,8408,16437,2.2486e-05,0.00011882,0.00011532
18000,0,2102,17912,2.3862e-05,4.561,8408,10105,2.2486e-05,0.00016499,0.00017132
18000,0,2102,3068,2.3862e-05,71.087,8408,17712,2.2486e-05,0.00014613,0.00015083
18000,0,2102,585,2.3862e-05,49.335,8408,15239,2.2486e-05,0.00011168,0.00011727
18000,0,2102,10060,2.3862e-05,63.098,8408,18780,2.2486e-05,7.0067e-05,6.7953e-05
18000,0,2102,15807,2.3862e-05,56.737,8408,15972,2.2486e-05,0.00012614,0.00013404
18000,0,2102,11994,2.3862e-05,43.478,8408,13777,2.2486e-05,0.00028077,0.00031147
18000,0,2102,3413,2.3862e-05,56.607,8408,15984,2.2486e-05,0.0001572,0.00016371
18000,0,2102,6612,2.3862e-05,55.822,8408,15638,2.2486e-05,8.7618e-06,8.8759e-06
18000,0,2102,8257,2.3862e-05,63.484,8408,16712,2.2486e-05,0.00018455,0.00017339
18000,0,2102,17590,2.3862e-05,26.266,8408,11530,2.2486e-05,0.00011684,0.00011076
18000,0,2102,2803,2.3862e-05,55.249,8408,15377,2.2486e-05,0.00016242,0.00015314
18000,0,2102,15329,2.3862e-05,15.394,8408,10633,2.2486e-05,9.9398e-05,0.00010218
18000,0,2102,11552,2.3862e-05,74.424,8408,17827,2.2486e-05,0.00014012,0.0001466
18000,0,2102,6741,2.3862e-05,71.934,8408,17709,2.2486e-05,8.4417e-05,8.7472e-05
18000,0,2102,3421,2.3862e-05,30.591,8408,12384,2.2486e-05,0.00018186,0.00017254
18000,0,2102,7672,2.3862e-05,61.149,8408,16561,2.2486e-05,0.00026134,0.00023844
18000,0,2102,8634,2.3862e-05,67.732,8408,17436,2.2486e-05,5.3201e-05,5.4982e-05
18000,0,2102,2161,2.3862e-05,60.22,8408,16397,2.2486e-05,0.00025279,0.00023284
18000,0,2102,10559,2.3862e-05,26.662,8408,11988,2.2486e-05,0.00011366,0.00011607
18000,0,2102,4051,2.3862e-05,45.859,8408,14503,2.2486e-05,0.00020358,0.00019131
18000,0,2102,6888,2.3862e-05,45.351,8408,12233,2.2486e-05,3.3651e-05,3.3677e-05
18000,0,2102,10440,2.3862e-05,30.916,8408,12209,2.2486e-05,0.00018655,0.00019913
18000,0,2102,4509,2.3862e-05,69.828,8408,17525,2.2486e-05,0.00011891,0.00012026
18000,0,2102,5201,2.3862e-05,50.062,8408,15137,2.2486e-05,0.0001289,0.00013435
18000,0,2102,11049,2.3862e-05,60.145,8408,16629,2.2486e-05,0.00024931,0.0002728
18000,0,2102,4750,2.3862e-05,75.213,8408,18199,2.2486e-05,0.00010077,9.7557e-05
18000,0,2102,14758,2.3862e-05,53.069,8408,15482,2.2486e-05,0.00014475,0.00013775
18000,0,2102,17591,2.3862e-05,49.933,8408,15150,2.2486e-05,0.00013755,0.00014241
