11948,0,110,713,0.0026821,9.4489e+06,438,1948,0.00094926,0.0043063,0.0046879,0.0043063,0.92292
11948,0,110,8148,0.0026821,9.6318e+05,438,738,0.00094926,5.3605e-05,5.3542e-05,5.3605e-05,1.0012
11948,1,110,507,0.0026821,1.2887e+10,438,43800,0.00094926,0.00051828,0.0005188,-0.00051828,0.99847
11948,0,110,854,0.0026821,1.0763e+08,438,2920,0.00094926,0.013428,0.041487,0.013428,0.3371
11948,1,110,6231,0.0026821,1.1864e+09,438,43800,0.00094926,4.6057e-05,4.6071e-05,4.6057e-05,0.99973
11948,0,110,1156,0.0026821,6.099e+08,438,5998,0.00094926,0.0083736,0.0086654,-0.0083736,0.95795
11948,1,110,9771,0.0026821,1.0538e+09,438,43800,0.00094926,0.00028686,0.00028677,0.00028686,1.0006
11948,1,110,9763,0.0026821,6.9175e+08,438,43800,0.00094926,0.00016471,0.00016467,-0.00016471,1.0001
11948,1,110,8626,0.0026821,5.765e+09,438,43800,0.00094926,8.7773e-06,8.7858e-06,-8.7773e-06,0.99902
11948,0,110,1790,0.0026821,7.3551e+06,438,1726,0.00094926,0.0024952,0.0034404,0.0024952,0.72777
11948,0,110,7875,0.0026821,1.4824e+07,438,2548,0.00094926,0.00019677,0.00019677,-0.00019677,0.99979
11948,1,110,6191,0.0026821,1.1989e+09,438,43800,0.00094926,0.00011305,0.00011306,0.00011305,1
11948,1,110,11614,0.0026821,9.9031e+08,438,43800,0.00094926,0.00011143,0.00011149,-0.00011143,0.99936
11948,0,110,7746,0.0026821,1.4741e+06,438,813,0.00094926,0.00085929,0.00084389,-0.00085929,1.0174
11948,0,110,9552,0.0026821,3.3268e+08,438,36822,0.00094926,8.4405e-05,8.4403e-05,8.4405e-05,1.0001
11948,1,110,5416,0.0026821,1.192e+09,438,43800,0.00094926,5.5855e-05,5.5861e-05,5.5855e-05,0.99995
11948,0,110,5160,0.0026821,6.1074e+07,438,7690,0.00094926,0.00424,0.0057945,0.00424,0.73598
11948,0,110,9847,0.0026821,5.1408e+06,438,1442,0.00094926,0.0020677,0.00189,0.0020677,1.096
11948,0,110,996,0.0026821,5.3364e+06,438,911,0.00094926,0.0006095,0.00080815,-0.0006095,-0.75479
11948,0,110,1589,0.0026821,1.7178e+08,438,28409,0.00094926,7.2658e-05,7.2587e-05,7.2658e-05,1.001
11948,0,110,2069,0.0026821,2.0908e+06,438,955,0.00094926,0.0027914,0.0028108,0.0027914,0.99589
11948,0,110,4663,0.0026821,47.819,438,449,0.00094926,0.070003,0.044381,0.070003,1.6473
11948,0,110,9916,0.0026821,5.016e+07,438,5137,0.00094926,0.0019414,0.0018598,0.0019414,1.0458
11948,1,110,9581,0.0026821,1.2845e+09,438,43800,0.00094926,3.0299e-05,3.0297e-05,-3.0299e-05,1
11948,0,110,722,0.0026821,5.3622e+07,438,5954,0.00094926,3.4956e-05,3.496e-05,-3.4956e-05,0.99986
11948,1,110,4761,0.0026821,1.3762e+10,438,43800,0.00094926,3.2083e-05,3.2083e-05,3.2083e-05,1
11948,0,110,6282,0.0026821,1.9672e+07,438,2751,0.00094926,0.0040911,0.0039264,-0.0040911,1.0379
11948,1,110,4969,0.0026821,1.0135e+09,438,43800,0.00094926,0.00022802,0.00022809,0.00022802,0.99993
11948,0,110,7830,0.0026821,1.5693e+05,438,498,0.00094926,0.0016845,0.0016873,0.0016845,1
11948,0,110,7485,0.0026821,9.8644e+06,438,1974,0.00094926,0.00010196,0.00041681,0.00010196,0.24473
11948,0,110,3480,0.0026821,8.8281e+05,438,473,0.00094926,0.004937,0.0049628,-0.004937,0.98988
11948,0,110,5144,0.0026821,7.4144e+07,438,5102,0.00094926,0.010718,0.027523,0.010718,0.40015
11948,0,110,185,0.0026821,84940,438,482,0.00094926,0.00066282,0.00066162,-0.00066282,1.0011
11948,0,110,11726,0.0026821,1,438,448,0.00094926,3.6886e-05,3.6888e-05,3.6886e-05,0.99997
11948,1,110,1992,0.0026821,1.5366e+09,438,43800,0.00094926,0.00011885,0.00011869,-0.00011885,1.0012
11948,0,110,1266,0.0026821,1.3723e+07,438,2178,0.00094926,0.00099562,0.00098231,0.00099562,1.0145
11948,0,110,4437,0.0026821,4.4918e+06,438,1396,0.00094926,0.00083044,0.00083764,0.00083044,0.99223
11948,0,110,2360,0.0026821,5.3172e+07,438,1530,0.00094926,0.014794,0.88055,0.014794,0.031594
11948,0,110,5833,0.0026821,9.0808e+07,438,10915,0.00094926,0.007063,0.0088349,0.007063,0.80651
11948,0,110,4044,0.0026821,1,438,448,0.00094926,3.6886e-05,3.6888e-05,3.6886e-05,0.99997
11948,1,110,11333,0.0026821,1.0939e+09,438,43800,0.00094926,2.5271e-05,2.5296e-05,-2.5271e-05,0.99899
11948,0,110,10959,0.0026821,122.04,438,469,0.00094926,0.046355,0.046899,-0.046355,0.94204
11948,0,110,628,0.0026821,5.3426e+06,438,920,0.00094926,0.0075246,0.012525,0.0075246,-0.59326
11948,1,110,8785,0.0026821,1.4395e+09,438,43800,0.00094926,8.5851e-05,8.5883e-05,8.5851e-05,0.99972
11948,0,110,3204,0.0026821,1.3125e+07,438,2311,0.00094926,0.00046535,0.00046489,0.00046535,1.0015
11948,1,110,5034,0.0026821,4.1747e+09,438,43800,0.00094926,6.0988e-05,6.0984e-05,-6.0988e-05,1
11948,0,110,6521,0.0026821,9.6007e+06,438,1059,0.00094926,0.0070649,0.0061347,-0.0070649,1.1446
11948,0,110,11220,0.0026821,1.5492e+07,438,2453,0.00094926,0.0025178,0.0025381,0.0025178,0.99454
11948,0,110,4972,0.0026821,3.8981e+07,438,874,0.00094926,0.0040038,0.024287,0.0040038,0.16886
11948,1,110,11698,0.0026821,2.8812e+09,438,43800,0.00094926,4.6606e-05,4.663e-05,4.6606e-05,0.99952
11948,1,110,3587,0.0026821,7.789e+08,438,43800,0.00094926,2.9026e-06,2.9047e-06,-2.9026e-06,0.99927
11948,0,110,8341,0.0026821,3.7445e+07,438,4300,0.00094926,0.00047586,0.00047128,-0.00047586,1.0092
11948,0,110,7927,0.0026821,1.942e+05,438,512,0.00094926,0.0025337,0.0025443,0.0025337,0.99837
11948,0,110,6413,0.0026821,4.4524e+06,438,1365,0.00094926,0.006753,0.06166,0.006753,-0.10277
11948,0,110,8304,0.0026821,4.4677e+07,438,5234,0.00094926,0.0012464,0.0012825,0.0012464,0.97311
11948,1,110,7928,0.0026821,1.0278e+09,438,43800,0.00094926,5.4501e-06,5.4489e-06,5.4501e-06,1.0002
11948,0,110,2119,0.0026821,1.4182e+07,438,1182,0.00094926,0.0067108,0.015547,0.0067108,0.43836
11948,0,110,1523,0.0026821,2.4784e+08,438,21951,0.00094926,0.00017838,0.00017794,-0.00017838,1.0023
11948,0,110,11880,0.0026821,1,438,441,0.00094926,3.6886e-05,3.6888e-05,3.6886e-05,0.99997
11948,0,110,2035,0.0026821,2.254e+08,438,34139,0.00094926,1.9207e-06,1.9192e-06,1.9207e-06,1.0008
11948,0,110,388,0.0026821,3458.2,438,461,0.00094926,0.00020987,0.00021004,-0.00020987,0.99898
11948,1,110,6671,0.0026821,8.58e+08,438,43800,0.00094926,9.891e-05,9.8878e-05,9.891e-05,1.0004
11948,0,110,10482,0.0026821,6.785e+05,438,692,0.00094926,0.00074544,0.0007398,-0.00074544,1.0069
11948,0,110,7954,0.0026821,1.352e+07,438,2111,0.00094926,0.00032112,0.00031761,0.00032112,1.0114
11948,0,110,2264,0.0026821,1.9876e+08,438,14819,0.00094926,0.0004588,0.00045841,-0.0004588,1.0004
11948,1,110,4384,0.0026821,7.8596e+08,438,43800,0.00094926,8.4445e-05,8.4216e-05,-8.4445e-05,1.0026
11948,0,110,5475,0.0026821,1.4572e+06,438,881,0.00094926,0.0042168,0.0042503,-0.0042168,0.9879
11948,1,110,11663,0.0026821,1.853e+09,438,43800,0.00094926,7.8951e-05,7.8966e-05,-7.8951e-05,0.99973
11948,0,110,1859,0.0026821,1.199e+08,438,13315,0.00094926,0.00052907,0.00052864,-0.00052907,1.0003
11948,1,110,10163,0.0026821,5.3702e+08,438,43800,0.00094926,6.5628e-05,6.5594e-05,-6.5628e-05,1.0005
11948,0,110,7659,0.0026821,8.4748e+07,438,8451,0.00094926,0.00011104,0.00011106,-0.00011104,0.9997
11948,0,110,4469,0.0026821,1.1276e+08,438,1932,0.00094926,0.012802,0.058536,0.012802,0.2315
11948,0,110,2268,0.0026821,3.25e+07,438,3486,0.00094926,0.0064393,0.048873,0.0064393,0.1382
11948,1,110,5086,0.0026821,2.2892e+09,438,43800,0.00094926,3.7056e-05,3.7073e-05,-3.7056e-05,0.99952
11948,0,110,5724,0.0026821,8.9367e+05,438,723,0.00094926,0.011119,0.0095345,-0.011119,1.1551
11948,0,110,1433,0.0026821,1,438,441,0.00094926,3.6886e-05,3.6888e-05,3.6886e-05,0.99997
11948,0,110,6999,0.0026821,3.6427e+07,438,813,0.00094926,0.0018053,0.001729,0.0018053,1.046
11948,0,110,2686,0.0026821,1.1122e+07,438,2021,0.00094926,0.029572,0.10066,-0.029572,0.26422
11948,0,110,4566,0.0026821,7.1755e+07,438,5900,0.00094926,0.00041569,0.00042147,-0.00041569,0.98589
11948,0,110,6920,0.0026821,1.7044e+08,438,16117,0.00094926,0.00011488,0.00011491,0.00011488,0.99988
11948,0,110,2989,0.0026821,2.3486e+07,438,1453,0.00094926,0.013967,0.1846,0.013967,0.089627
11948,1,110,3447,0.0026821,5.8491e+09,438,43800,0.00094926,7.5807e-05,7.5812e-05,7.5807e-05,1
11948,1,110,7323,0.0026821,8.2101e+09,438,43800,0.00094926,5.6934e-05,5.693e-05,5.6934e-05,1.0001
11948,0,110,3148,0.0026821,4.2342e+07,438,5122,0.00094926,0.0023038,0.043369,0.0023038,0.055425
11948,1,110,9781,0.0026821,3.3291e+09,438,43800,0.00094926,1.6594e-05,1.6595e-05,-1.6594e-05,0.99991
11948,0,110,11658,0.0026821,9.1995e+07,438,8168,0.00094926,0.0091328,0.017544,0.0091328,0.5297
11948,0,110,8663,0.0026821,3.3921e+08,438,40750,0.00094926,6.2118e-05,6.2129e-05,6.2118e-05,0.99989
11948,0,110,4079,0.0026821,1.1551e+08,438,14170,0.00094926,0.0001001,0.00010003,-0.0001001,1.0006
11948,0,110,6928,0.0026821,5.5704e+06,438,516,0.00094926,0.0010934,0.0010978,0.0010934,0.9971
11948,0,110,1279,0.0026821,4.3255e+06,438,1340,0.00094926,0.001657,0.0013866,0.001657,1.1967
11948,0,110,10748,0.0026821,7.8718e+07,438,9528,0.00094926,4.1968e-06,4.199e-06,-4.1968e-06,0.99946
11948,0,110,10431,0.0026821,1,438,441,0.00094926,3.6886e-05,3.6888e-05,3.6886e-05,0.99997
11948,0,110,9696,0.0026821,2.8253e+06,438,1059,0.00094926,5.3605e-05,5.3542e-05,5.3605e-05,1.0012
11948,0,110,3091,0.0026821,3.08e+06,438,493,0.00094926,0.0031143,0.0029708,0.0031143,1.0514
11948,0,110,7046,0.0026821,1.2021e+07,438,622,0.00094926,0.0093979,0.012813,0.0093979,0.74289
11948,0,110,267,0.0026821,1802.9,438,460,0.00094926,0.00098247,0.00098095,-0.00098247,1.0006
11948,0,110,5041,0.0026821,3.8932e+07,438,912,0.00094926,0.0011036,0.0019497,0.0011036,0.56711
11948,0,110,3707,0.0026821,4.6296e+06,438,515,0.00094926,0.0026658,0.0025382,-0.0026658,1.0476
11948,0,110,1914,0.0026821,4.2665e+07,438,5238,0.00094926,0.0030714,0.0030513,-0.0030714,1.0035
11948,0,110,11892,0.0026821,5.131e+07,438,5412,0.00094926,0.0066282,0.0081556,0.0066282,0.81934
